diff 750
6278.517870878944 -1682.3237931663848 7244.4436971680125 -1941.1428382689055 250.324451577
6278.517870878944 -1682.3237931663848 7251.2202954583845 -1915.6733089784434 250.40391998
6278.517870878944 -1682.3237931663848 7257.9073499818405 -1890.1801234484417 250.642201908
6278.517870878944 -1682.3237931663848 7264.5047781613775 -1864.66359648879 251.038928673
6278.517870878944 -1682.3237931663848 7271.012498526767 -1839.124043197617 251.593489596
6278.517870878944 -1682.3237931663848 7277.430430715562 -1813.5617789573973 252.305037629
6278.517870878944 -1682.3237931663848 7283.758495474092 -1787.97711943106 253.172497056
6278.517870878944 -1682.3237931663848 7289.996614658442 -1762.370380558087 254.194573112
6278.517870878944 -1682.3237931663848 7296.144711235413 -1736.7418785506147 255.369763338
6278.517870878944 -1682.3237931663848 7302.202709283476 -1711.091929889527 256.696370427
6278.517870878944 -1682.3237931663848 7308.170533993711 -1685.420851320548 258.172516338
6278.517870878944 -1682.3237931663848 7314.048111670728 -1659.7289598503312 259.796157411
6278.517870878944 -1682.3237931663848 7319.835369733579 -1634.0165727425433 261.565100212
6278.517870878944 -1682.3237931663848 7325.532236716652 -1608.2840075139475 263.477017865
6278.517870878944 -1682.3237931663848 7331.138642270558 -1582.5315819304824 265.529466603
6278.517870878944 -1682.3237931663848 7336.654517162995 -1556.759614003338 267.719902311
6278.517870878944 -1682.3237931663848 7342.079793279604 -1530.968421985028 270.045696831
6278.517870878944 -1682.3237931663848 7347.414403624813 -1505.1583243654613 272.504153849
6278.517870878944 -1682.3237931663848 7352.658282322659 -1479.329639868007 275.092524179
6278.517870878944 -1682.3237931663848 7357.811364617609 -1453.4826874455598 277.80802031
6278.517870878944 -1682.3237931663848 7362.873586875351 -1427.6177862766012 280.647830096
6278.517870878944 -1682.3237931663848 7367.844886583587 -1401.7352557612583 283.609129498
6278.517870878944 -1682.3237931663848 7372.725202352803 -1375.8354155173586 286.689094318
6278.517870878944 -1682.3237931663848 7377.514473917022 -1349.918585376484 289.884910881
6278.517870878944 -1682.3237931663848 7382.212642134556 -1323.9850853800217 293.19378564
6278.517870878944 -1682.3237931663848 7386.8196489887305 -1298.0352357752097 296.61295372
6278.517870878944 -1682.3237931663848 7391.335437588606 -1272.0693570111855 300.139686391
6278.517870878944 -1682.3237931663848 7395.759952169675 -1246.087769735026 303.771297523
6278.517870878944 -1682.3237931663848 7400.093138094554 -1220.0907947877904 307.505149049
6278.517870878944 -1682.3237931663848 7404.334941853657 -1194.0787532005556 311.338655487
6278.517870878944 -1682.3237931663848 7408.4853110658605 -1168.0519661904543 315.269287576
6278.517870878944 -1682.3237931663848 7412.54419447914 -1142.0107551567069 319.294575085
6278.517870878944 -1682.3237931663848 7416.5115419712165 -1115.9554416766525 323.412108862
6278.517870878944 -1682.3237931663848 7420.387304550162 -1089.8863475017793 327.619542169
6278.517870878944 -1682.3237931663848 7424.1714343550175 -1063.8037945537494 331.91459139
6278.517870878944 -1682.3237931663848 7427.863884656373 -1037.708104920425 336.295036149
6278.517870878944 -1682.3237931663848 7431.464609856949 -1011.59960085189 340.758718912
6278.517870878944 -1682.3237931663848 7434.973565492162 -985.4786047564717 345.303544125
6278.517870878944 -1682.3237931663848 7438.3907082306705 -959.3454391967574 349.927476941
6278.517870878944 -1682.3237931663848 7441.71599587491 -933.2004268856138 354.628541586
6278.517870878944 -1682.3237931663848 7444.949387361616 -907.0438906822004 359.404819411
6278.517870878944 -1682.3237931663848 7448.090842762327 -880.8761535879825 364.254446666
6278.517870878944 -1682.3237931663848 7451.140323283887 -854.6975387427427 369.175612054
6278.517870878944 -1682.3237931663848 7454.0977912689095 -828.508369420591 374.166554071
6278.517870878944 -1682.3237931663848 7456.963210196258 -802.3089690259718 379.225558191
6278.517870878944 -1682.3237931663848 7459.736544681487 -776.0996610896716 384.350953908
6278.517870878944 -1682.3237931663848 7462.417760477284 -749.8807692648223 389.541111669
6278.517870878944 -1682.3237931663848 7465.006824473888 -723.6526173229058 394.794439714
6278.517870878944 -1682.3237931663848 7467.5037046995 -697.4155291497545 400.109380848
6278.517870878944 -1682.3237931663848 7469.908370320685 -671.169828741553 405.484409161
6278.517870878944 -1682.3237931663848 7472.22079164274 -644.9158402008363 410.918026712
6278.517870878944 -1682.3237931663848 7474.440940110068 -618.6538877324878 416.408760187
6278.517870878944 -1682.3237931663848 7476.568788306533 -592.3842956397361 421.955157546
6278.517870878944 -1682.3237931663848 7478.604309955791 -566.1073883201489 427.555784668
6278.517870878944 -1682.3237931663848 7480.547479921624 -539.8234902616291 433.209222003
6278.517870878944 -1682.3237931663848 7482.398274208239 -513.5329260384061 438.914061241
6278.517870878944 -1682.3237931663848 7484.1566699605755 -487.23602030702887 444.668901991
6278.517870878944 -1682.3237931663848 7485.82264546458 -460.93309780235614 450.472348502
6278.517870878944 -1682.3237931663848 7487.396180147478 -434.6244833335459 456.323006399
6278.517870878944 -1682.3237931663848 7488.8772545780275 -408.3105017800456 462.219479464
6278.517870878944 -1682.3237931663848 7490.265850466755 -381.99147808757976 468.160366453
6278.517870878944 -1682.3237931663848 7491.56195066619 -355.6677372641367 474.144257951
6278.517870878944 -1682.3237931663848 7492.765539171067 -329.3396043759562 480.169733279
6278.517870878944 -1682.3237931663848 7493.876601118529 -303.0074045435138 486.235357444
6278.517870878944 -1682.3237931663848 7494.895122788311 -276.67146293750784 492.339678136
6278.517870878944 -1682.3237931663848 7495.821091602907 -250.33210477484235 498.481222789
6278.517870878944 -1682.3237931663848 7496.654496127726 -223.98965531461204 504.658495684
6278.517870878944 -1682.3237931663848 7497.395326071232 -197.64443985408548 510.869975122
6278.517870878944 -1682.3237931663848 7498.043572285079 -171.29678372468734 517.114110649
6278.517870878944 -1682.3237931663848 7498.599226764209 -144.94701228798232 523.389320352
6278.517870878944 -1682.3237931663848 7499.062282646966 -118.59545093165617 529.693988217
6278.517870878944 -1682.3237931663848 7499.432734215171 -92.24242506549824 536.026461562
6278.517870878944 -1682.3237931663848 7499.710576894197 -65.88826011738261 542.385048539
6278.517870878944 -1682.3237931663848 7499.895807253027 -39.533281529249706 548.768015722
6278.517870878944 -1682.3237931663848 7499.988423004287 -13.177814753087834 555.173585769
6278.517870878944 -1682.3237931663848 7499.988423004287 13.177814753087418 561.599935174
6278.517870878944 -1682.3237931663848 7499.895807253027 39.533281529249706 568.045192114
6278.517870878944 -1682.3237931663848 7499.710576894197 65.88826011738261 574.507434388
6278.517870878944 -1682.3237931663848 7499.432734215171 92.24242506549824 580.984687462
6278.517870878944 -1682.3237931663848 7499.062282646966 118.59545093165617 587.47492261
6278.517870878944 -1682.3237931663848 7498.599226764209 144.94701228798232 593.97605518
6278.517870878944 -1682.3237931663848 7498.043572285079 171.29678372468734 600.485942963
6278.517870878944 -1682.3237931663848 7497.395326071232 197.64443985408548 607.002384675
6278.517870878944 -1682.3237931663848 7496.654496127726 223.98965531461224 613.523118551
6278.517870878944 -1682.3237931663848 7495.8210916029075 250.33210477484215 620.045821032
6278.517870878944 -1682.3237931663848 7494.895122788311 276.6714629375076 626.568105519
6278.517870878944 -1682.3237931663848 7493.876601118529 303.00740454351364 633.087521148
6278.517870878944 -1682.3237931663848 7492.765539171067 329.339604375956 639.601551537
6278.517870878944 -1682.3237931663848 7491.56195066619 355.6677372641367 646.107613434
6278.517870878944 -1682.3237931663848 7490.265850466755 381.99147808757976 652.603055346
6278.517870878944 -1682.3237931663848 7488.8772545780275 408.3105017800456 659.085156627
6278.517870878944 -1682.3237931663848 7487.396180147478 434.6244833335459 665.551128709
6278.517870878944 -1682.3237931663848 7485.82264546458 460.93309780235614 671.998123233
6278.517870878944 -1682.3237931663848 7484.156669960575 487.2360203070291 678.423258825
6278.517870878944 -1682.3237931663848 7482.398274208239 513.5329260384059 684.823693139
6278.517870878944 -1682.3237931663848 7480.547479921624 539.8234902616289 691.196795839
6278.517870878944 -1682.3237931663848 7478.604309955791 566.1073883201486 697.540530546
6278.517870878944 -1682.3237931663848 7476.568788306533 592.3842956397359 703.854239556
6278.517870878944 -1682.3237931663848 7474.440940110068 618.6538877324878 710.140150238
6278.517870878944 -1682.3237931663848 7472.22079164274 644.9158402008363 716.406076395
6278.517870878944 -1682.3237931663848 7469.908370320685 671.169828741553 722.669927234
6278.517870878944 -1682.3237931663848 7467.5037046995 697.4155291497545 728.966660123
6278.517870878944 -1682.3237931663848 7465.006824473888 723.6526173229058 735.358051658
6278.517870878944 -1682.3237931663848 7462.417760477284 749.8807692648224 741.944895867
6278.517870878944 -1682.3237931663848 7459.736544681487 776.0996610896714 748.879780744
6278.517870878944 -1682.3237931663848 7456.963210196258 802.3089690259716 756.376443363
6278.517870878944 -1682.3237931663848 7454.0977912689095 828.5083694205907 764.709249651
6278.517870878944 -1682.3237931663848 7451.140323283887 854.6975387427426 774.1945273
6278.517870878944 -1682.3237931663848 7448.090842762327 880.8761535879825 785.145739592
6278.517870878944 -1682.3237931663848 7444.949387361616 907.0438906822004 797.7983477
6278.517870878944 -1682.3237931663848 7441.71599587491 933.2004268856138 812.208459009
6278.517870878944 -1682.3237931663848 7438.3907082306705 959.3454391967574 828.141072399
6278.517870878944 -1682.3237931663848 7434.973565492162 985.4786047564717 844.975652692
6278.517870878944 -1682.3237931663848 7431.464609856949 1011.5996008518903 861.66371326
6278.517870878944 -1682.3237931663848 7427.863884656373 1037.7081049204248 876.76971898
6278.517870878944 -1682.3237931663848 7424.1714343550175 1063.8037945537492 888.610197816
6278.517870878944 -1682.3237931663848 7420.387304550162 1089.8863475017793 895.478820548
6278.517870878944 -1682.3237931663848 7416.5115419712165 1115.9554416766525 895.915437577
6278.517870878944 -1682.3237931663848 7412.54419447914 1142.0107551567069 888.956101353
6278.517870878944 -1682.3237931663848 7408.4853110658605 1168.0519661904543 874.298989162
6278.517870878944 -1682.3237931663848 7404.334941853657 1194.0787532005556 852.341345354
6278.517870878944 -1682.3237931663848 7400.093138094554 1220.0907947877904 824.07934866
6278.517870878944 -1682.3237931663848 7395.759952169675 1246.087769735026 790.902969502
6278.517870878944 -1682.3237931663848 7391.335437588606 1272.0693570111855 754.346377151
6278.517870878944 -1682.3237931663848 7386.8196489887305 1298.0352357752095 715.861200705
6278.517870878944 -1682.3237931663848 7382.212642134556 1323.9850853800215 676.664156261
6278.517870878944 -1682.3237931663848 7377.514473917022 1349.918585376484 637.680458309
6278.517870878944 -1682.3237931663848 7372.725202352803 1375.8354155173586 599.572795959
6278.517870878944 -1682.3237931663848 7367.844886583587 1401.7352557612583 562.823732292
6278.517870878944 -1682.3237931663848 7362.873586875351 1427.6177862766012 527.832545203
6278.517870878944 -1682.3237931663848 7357.811364617609 1453.4826874455598 494.994327328
6278.517870878944 -1682.3237931663848 7352.658282322659 1479.329639868007 464.743604053
6278.517870878944 -1682.3237931663848 7347.414403624813 1505.1583243654613 437.559871996
6278.517870878944 -1682.3237931663848 7342.079793279604 1530.968421985028 413.943363597
6278.517870878944 -1682.3237931663848 7336.654517162995 1556.7596140033377 394.374226253
6278.517870878944 -1682.3237931663848 7331.138642270558 1582.5315819304822 379.268024416
6278.517870878944 -1682.3237931663848 7325.532236716652 1608.2840075139472 368.937162404
6278.517870878944 -1682.3237931663848 7319.835369733579 1634.0165727425433 363.563597625
6278.517870878944 -1682.3237931663848 7314.048111670728 1659.7289598503312 363.184450392
6278.517870878944 -1682.3237931663848 7308.170533993711 1685.420851320548 367.689373911
6278.517870878944 -1682.3237931663848 7302.202709283476 1711.091929889527 376.826840389
6278.517870878944 -1682.3237931663848 7296.144711235413 1736.7418785506147 390.215676418
6278.517870878944 -1682.3237931663848 7289.996614658442 1762.3703805580872 407.358207216
6278.517870878944 -1682.3237931663848 7283.758495474092 1787.9771194310597 427.652409315
6278.517870878944 -1682.3237931663848 7277.430430715562 1813.5617789573976 450.402750614
6278.517870878944 -1682.3237931663848 7271.012498526767 1839.1240431976169 474.832857653
6278.517870878944 -1682.3237931663848 7264.5047781613775 1864.6635964887905 500.107017986
6278.517870878944 -1682.3237931663848 7257.9073499818405 1890.1801234484417 525.370050569
6278.517870878944 -1682.3237931663848 7251.2202954583845 1915.6733089784432 549.813815926
6278.517870878944 -1682.3237931663848 7244.4436971680125 1941.1428382689055 572.77153162
6444.3915989297675 -848.4202494303353 7244.4436971680125 -1941.1428382689055 346.409902816
6444.3915989297675 -848.4202494303353 7251.2202954583845 -1915.6733089784434 341.844964888
6444.3915989297675 -848.4202494303353 7257.9073499818405 -1890.1801234484417 337.360642948
6444.3915989297675 -848.4202494303353 7264.5047781613775 -1864.66359648879 332.959016391
6444.3915989297675 -848.4202494303353 7271.012498526767 -1839.124043197617 328.642226251
6444.3915989297675 -848.4202494303353 7277.430430715562 -1813.5617789573973 324.412476164
6444.3915989297675 -848.4202494303353 7283.758495474092 -1787.97711943106 320.27203288
6444.3915989297675 -848.4202494303353 7289.996614658442 -1762.370380558087 316.223226274
6444.3915989297675 -848.4202494303353 7296.144711235413 -1736.7418785506147 312.268448786
6444.3915989297675 -848.4202494303353 7302.202709283476 -1711.091929889527 308.410154243
6444.3915989297675 -848.4202494303353 7308.170533993711 -1685.420851320548 304.650855987
6444.3915989297675 -848.4202494303353 7314.048111670728 -1659.7289598503312 300.993124254
6444.3915989297675 -848.4202494303353 7319.835369733579 -1634.0165727425433 297.439582742
6444.3915989297675 -848.4202494303353 7325.532236716652 -1608.2840075139475 293.99290431
6444.3915989297675 -848.4202494303353 7331.138642270558 -1582.5315819304824 290.655805738
6444.3915989297675 -848.4202494303353 7336.654517162995 -1556.759614003338 287.431041526
6444.3915989297675 -848.4202494303353 7342.079793279604 -1530.968421985028 284.321396657
6444.3915989297675 -848.4202494303353 7347.414403624813 -1505.1583243654613 281.329678316
6444.3915989297675 -848.4202494303353 7352.658282322659 -1479.329639868007 278.458706538
6444.3915989297675 -848.4202494303353 7357.811364617609 -1453.4826874455598 275.711303778
6444.3915989297675 -848.4202494303353 7362.873586875351 -1427.6177862766012 273.090283424
6444.3915989297675 -848.4202494303353 7367.844886583587 -1401.7352557612583 270.598437286
6444.3915989297675 -848.4202494303353 7372.725202352803 -1375.8354155173586 268.238522112
6444.3915989297675 -848.4202494303353 7377.514473917022 -1349.918585376484 266.013245233
6444.3915989297675 -848.4202494303353 7382.212642134556 -1323.9850853800217 263.925249424
6444.3915989297675 -848.4202494303353 7386.8196489887305 -1298.0352357752097 261.977097132
6444.3915989297675 -848.4202494303353 7391.335437588606 -1272.0693570111855 260.171254227
6444.3915989297675 -848.4202494303353 7395.759952169675 -1246.087769735026 258.510073476
6444.3915989297675 -848.4202494303353 7400.093138094554 -1220.0907947877904 256.995777933
6444.3915989297675 -848.4202494303353 7404.334941853657 -1194.0787532005556 255.630444497
6444.3915989297675 -848.4202494303353 7408.4853110658605 -1168.0519661904543 254.415987879
6444.3915989297675 -848.4202494303353 7412.54419447914 -1142.0107551567069 253.354145233
6444.3915989297675 -848.4202494303353 7416.5115419712165 -1115.9554416766525 252.446461718
6444.3915989297675 -848.4202494303353 7420.387304550162 -1089.8863475017793 251.694277254
6444.3915989297675 -848.4202494303353 7424.1714343550175 -1063.8037945537494 251.098714703
6444.3915989297675 -848.4202494303353 7427.863884656373 -1037.708104920425 250.660669727
6444.3915989297675 -848.4202494303353 7431.464609856949 -1011.59960085189 250.380802509
6444.3915989297675 -848.4202494303353 7434.973565492162 -985.4786047564717 250.259531497
6444.3915989297675 -848.4202494303353 7438.3907082306705 -959.3454391967574 250.297029326
6444.3915989297675 -848.4202494303353 7441.71599587491 -933.2004268856138 250.493220972
6444.3915989297675 -848.4202494303353 7444.949387361616 -907.0438906822004 250.847784186
6444.3915989297675 -848.4202494303353 7448.090842762327 -880.8761535879825 251.360152197
6444.3915989297675 -848.4202494303353 7451.140323283887 -854.6975387427427 252.029518612
6444.3915989297675 -848.4202494303353 7454.0977912689095 -828.508369420591 252.854844414
6444.3915989297675 -848.4202494303353 7456.963210196258 -802.3089690259718 253.8348669
6444.3915989297675 -848.4202494303353 7459.736544681487 -776.0996610896716 254.968110387
6444.3915989297675 -848.4202494303353 7462.417760477284 -749.8807692648223 256.252898473
6444.3915989297675 -848.4202494303353 7465.006824473888 -723.6526173229058 257.687367647
6444.3915989297675 -848.4202494303353 7467.5037046995 -697.4155291497545 259.269482037
6444.3915989297675 -848.4202494303353 7469.908370320685 -671.169828741553 260.997049134
6444.3915989297675 -848.4202494303353 7472.22079164274 -644.9158402008363 262.867736379
6444.3915989297675 -848.4202494303353 7474.440940110068 -618.6538877324878 264.879088665
6444.3915989297675 -848.4202494303353 7476.568788306533 -592.3842956397361 267.028546964
6444.3915989297675 -848.4202494303353 7478.604309955791 -566.1073883201489 269.313468623
6444.3915989297675 -848.4202494303353 7480.547479921624 -539.8234902616291 271.731150378
6444.3915989297675 -848.4202494303353 7482.398274208239 -513.5329260384061 274.278855782
6444.3915989297675 -848.4202494303353 7484.1566699605755 -487.23602030702887 276.953849799
6444.3915989297675 -848.4202494303353 7485.82264546458 -460.93309780235614 279.753444691
6444.3915989297675 -848.4202494303353 7487.396180147478 -434.6244833335459 282.675063198
6444.3915989297675 -848.4202494303353 7488.8772545780275 -408.3105017800456 285.716327411
6444.3915989297675 -848.4202494303353 7490.265850466755 -381.99147808757976 288.875184659
6444.3915989297675 -848.4202494303353 7491.56195066619 -355.6677372641367 292.150085013
6444.3915989297675 -848.4202494303353 7492.765539171067 -329.3396043759562 295.540228385
6444.3915989297675 -848.4202494303353 7493.876601118529 -303.0074045435138 299.045901955
6444.3915989297675 -848.4202494303353 7494.895122788311 -276.67146293750784 302.668929924
6444.3915989297675 -848.4202494303353 7495.821091602907 -250.33210477484235 306.413255923
6444.3915989297675 -848.4202494303353 7496.654496127726 -223.98965531461204 310.285672069
6444.3915989297675 -848.4202494303353 7497.395326071232 -197.64443985408548 314.296695609
6444.3915989297675 -848.4202494303353 7498.043572285079 -171.29678372468734 318.461572402
6444.3915989297675 -848.4202494303353 7498.599226764209 -144.94701228798232 322.801354698
6444.3915989297675 -848.4202494303353 7499.062282646966 -118.59545093165617 327.343958629
6444.3915989297675 -848.4202494303353 7499.432734215171 -92.24242506549824 332.125056414
6444.3915989297675 -848.4202494303353 7499.710576894197 -65.88826011738261 337.188604265
6444.3915989297675 -848.4202494303353 7499.895807253027 -39.533281529249706 342.586757577
6444.3915989297675 -848.4202494303353 7499.988423004287 -13.177814753087834 348.378891937
6444.3915989297675 -848.4202494303353 7499.988423004287 13.177814753087418 354.629446109
6444.3915989297675 -848.4202494303353 7499.895807253027 39.533281529249706 361.404346602
6444.3915989297675 -848.4202494303353 7499.710576894197 65.88826011738261 368.765875285
6444.3915989297675 -848.4202494303353 7499.432734215171 92.24242506549824 376.766008169
6444.3915989297675 -848.4202494303353 7499.062282646966 118.59545093165617 385.438480536
6444.3915989297675 -848.4202494303353 7498.599226764209 144.94701228798232 394.790102528
6444.3915989297675 -848.4202494303353 7498.043572285079 171.29678372468734 404.792126122
6444.3915989297675 -848.4202494303353 7497.395326071232 197.64443985408548 415.372701195
6444.3915989297675 -848.4202494303353 7496.654496127726 223.98965531461224 426.41159941
6444.3915989297675 -848.4202494303353 7495.8210916029075 250.33210477484215 437.738375902
6444.3915989297675 -848.4202494303353 7494.895122788311 276.6714629375076 449.134940686
6444.3915989297675 -848.4202494303353 7493.876601118529 303.00740454351364 460.343111597
6444.3915989297675 -848.4202494303353 7492.765539171067 329.339604375956 471.077143051
6444.3915989297675 -848.4202494303353 7491.56195066619 355.6677372641367 481.04053474
6444.3915989297675 -848.4202494303353 7490.265850466755 381.99147808757976 489.945722247
6444.3915989297675 -848.4202494303353 7488.8772545780275 408.3105017800456 497.534658682
6444.3915989297675 -848.4202494303353 7487.396180147478 434.6244833335459 503.597933137
6444.3915989297675 -848.4202494303353 7485.82264546458 460.93309780235614 507.990031041
6444.3915989297675 -848.4202494303353 7484.156669960575 487.2360203070291 510.638666407
6444.3915989297675 -848.4202494303353 7482.398274208239 513.5329260384059 511.546784343
6444.3915989297675 -848.4202494303353 7480.547479921624 539.8234902616289 510.786755526
6444.3915989297675 -848.4202494303353 7478.604309955791 566.1073883201486 508.487320922
6444.3915989297675 -848.4202494303353 7476.568788306533 592.3842956397359 504.814826454
6444.3915989297675 -848.4202494303353 7474.440940110068 618.6538877324878 499.951051642
6444.3915989297675 -848.4202494303353 7472.22079164274 644.9158402008363 494.070360968
6444.3915989297675 -848.4202494303353 7469.908370320685 671.169828741553 487.318932692
6444.3915989297675 -848.4202494303353 7467.5037046995 697.4155291497545 479.798461274
6444.3915989297675 -848.4202494303353 7465.006824473888 723.6526173229058 471.556066979
6444.3915989297675 -848.4202494303353 7462.417760477284 749.8807692648224 462.581306276
6444.3915989297675 -848.4202494303353 7459.736544681487 776.0996610896714 452.810302315
6444.3915989297675 -848.4202494303353 7456.963210196258 802.3089690259716 442.136236172
6444.3915989297675 -848.4202494303353 7454.0977912689095 828.5083694205907 430.424850363
6444.3915989297675 -848.4202494303353 7451.140323283887 854.6975387427426 417.533261513
6444.3915989297675 -848.4202494303353 7448.090842762327 880.8761535879825 403.330256503
6444.3915989297675 -848.4202494303353 7444.949387361616 907.0438906822004 387.716316667
6444.3915989297675 -848.4202494303353 7441.71599587491 933.2004268856138 370.641819249
6444.3915989297675 -848.4202494303353 7438.3907082306705 959.3454391967574 352.122144033
6444.3915989297675 -848.4202494303353 7434.973565492162 985.4786047564717 332.24871813
6444.3915989297675 -848.4202494303353 7431.464609856949 1011.5996008518903 311.195334337
6444.3915989297675 -848.4202494303353 7427.863884656373 1037.7081049204248 289.219368384
6444.3915989297675 -848.4202494303353 7424.1714343550175 1063.8037945537492 266.657800664
6444.3915989297675 -848.4202494303353 7420.387304550162 1089.8863475017793 243.918225834
6444.3915989297675 -848.4202494303353 7416.5115419712165 1115.9554416766525 221.465312425
6444.3915989297675 -848.4202494303353 7412.54419447914 1142.0107551567069 199.803448164
6444.3915989297675 -848.4202494303353 7408.4853110658605 1168.0519661904543 179.456558678
6444.3915989297675 -848.4202494303353 7404.334941853657 1194.0787532005556 160.946293095
6444.3915989297675 -848.4202494303353 7400.093138094554 1220.0907947877904 144.769903082
6444.3915989297675 -848.4202494303353 7395.759952169675 1246.087769735026 131.379179337
6444.3915989297675 -848.4202494303353 7391.335437588606 1272.0693570111855 121.161738865
6444.3915989297675 -848.4202494303353 7386.8196489887305 1298.0352357752095 114.425778294
6444.3915989297675 -848.4202494303353 7382.212642134556 1323.9850853800215 111.389137783
6444.3915989297675 -848.4202494303353 7377.514473917022 1349.918585376484 112.173183543
6444.3915989297675 -848.4202494303353 7372.725202352803 1375.8354155173586 116.801648413
6444.3915989297675 -848.4202494303353 7367.844886583587 1401.7352557612583 125.204204739
6444.3915989297675 -848.4202494303353 7362.873586875351 1427.6177862766012 137.224213233
6444.3915989297675 -848.4202494303353 7357.811364617609 1453.4826874455598 152.629817984
6444.3915989297675 -848.4202494303353 7352.658282322659 1479.329639868007 171.127353488
6444.3915989297675 -848.4202494303353 7347.414403624813 1505.1583243654613 192.375896976
6444.3915989297675 -848.4202494303353 7342.079793279604 1530.968421985028 216.001736959
6444.3915989297675 -848.4202494303353 7336.654517162995 1556.7596140033377 241.611539665
6444.3915989297675 -848.4202494303353 7331.138642270558 1582.5315819304822 268.803096104
6444.3915989297675 -848.4202494303353 7325.532236716652 1608.2840075139472 297.17276259
6444.3915989297675 -848.4202494303353 7319.835369733579 1634.0165727425433 326.31912391
6444.3915989297675 -848.4202494303353 7314.048111670728 1659.7289598503312 355.843067025
6444.3915989297675 -848.4202494303353 7308.170533993711 1685.420851320548 385.345367738
6444.3915989297675 -848.4202494303353 7302.202709283476 1711.091929889527 414.423978871
6444.3915989297675 -848.4202494303353 7296.144711235413 1736.7418785506147 442.674233964
6444.3915989297675 -848.4202494303353 7289.996614658442 1762.3703805580872 469.695756854
6444.3915989297675 -848.4202494303353 7283.758495474092 1787.9771194310597 495.109519332
6444.3915989297675 -848.4202494303353 7277.430430715562 1813.5617789573976 518.586817804
6444.3915989297675 -848.4202494303353 7271.012498526767 1839.1240431976169 539.888855024
6444.3915989297675 -848.4202494303353 7264.5047781613775 1864.6635964887905 558.911544931
6444.3915989297675 -848.4202494303353 7257.9073499818405 1890.1801234484417 575.726132199
6444.3915989297675 -848.4202494303353 7251.2202954583845 1915.6733089784432 590.603679111
6444.3915989297675 -848.4202494303353 7244.4436971680125 1941.1428382689055 604.011843708
6500.0 0.0 7244.4436971680125 -1941.1428382689055 508.382094231
6500.0 0.0 7251.2202954583845 -1915.6733089784434 501.100161502
6500.0 0.0 7257.9073499818405 -1890.1801234484417 493.924877127
6500.0 0.0 7264.5047781613775 -1864.66359648879 486.896482956
6500.0 0.0 7271.012498526767 -1839.124043197617 480.064815905
6500.0 0.0 7277.430430715562 -1813.5617789573973 473.489459551
6500.0 0.0 7283.758495474092 -1787.97711943106 467.238821835
6500.0 0.0 7289.996614658442 -1762.370380558087 461.387787298
6500.0 0.0 7296.144711235413 -1736.7418785506147 456.013670262
6500.0 0.0 7302.202709283476 -1711.091929889527 451.190354698
6500.0 0.0 7308.170533993711 -1685.420851320548 446.980746454
6500.0 0.0 7314.048111670728 -1659.7289598503312 443.427965524
6500.0 0.0 7319.835369733579 -1634.0165727425433 440.546031638
6500.0 0.0 7325.532236716652 -1608.2840075139475 438.311089898
6500.0 0.0 7331.138642270558 -1582.5315819304824 436.654419729
6500.0 0.0 7336.654517162995 -1556.759614003338 435.458508283
6500.0 0.0 7342.079793279604 -1530.968421985028 434.557305301
6500.0 0.0 7347.414403624813 -1505.1583243654613 433.741398524
6500.0 0.0 7352.658282322659 -1479.329639868007 432.768286326
6500.0 0.0 7357.811364617609 -1453.4826874455598 431.37724788
6500.0 0.0 7362.873586875351 -1427.6177862766012 429.307624126
6500.0 0.0 7367.844886583587 -1401.7352557612583 426.318742881
6500.0 0.0 7372.725202352803 -1375.8354155173586 422.209358227
6500.0 0.0 7377.514473917022 -1349.918585376484 416.834405266
6500.0 0.0 7382.212642134556 -1323.9850853800217 410.117124074
6500.0 0.0 7386.8196489887305 -1298.0352357752097 402.055150882
6500.0 0.0 7391.335437588606 -1272.0693570111855 392.719926425
6500.0 0.0 7395.759952169675 -1246.087769735026 382.24960981
6500.0 0.0 7400.093138094554 -1220.0907947877904 370.836476582
6500.0 0.0 7404.334941853657 -1194.0787532005556 358.710400038
6500.0 0.0 7408.4853110658605 -1168.0519661904543 346.120378764
6500.0 0.0 7412.54419447914 -1142.0107551567069 333.316143813
6500.0 0.0 7416.5115419712165 -1115.9554416766525 320.531671065
6500.0 0.0 7420.387304550162 -1089.8863475017793 307.97199817
6500.0 0.0 7424.1714343550175 -1063.8037945537494 295.80418972
6500.0 0.0 7427.863884656373 -1037.708104920425 284.1527072
6500.0 0.0 7431.464609856949 -1011.59960085189 273.098910741
6500.0 0.0 7434.973565492162 -985.4786047564717 262.684013374
6500.0 0.0 7438.3907082306705 -959.3454391967574 252.914560398
6500.0 0.0 7441.71599587491 -933.2004268856138 243.769420663
6500.0 0.0 7444.949387361616 -907.0438906822004 235.207331518
6500.0 0.0 7448.090842762327 -880.8761535879825 227.174196808
6500.0 0.0 7451.140323283887 -854.6975387427427 219.609552899
6500.0 0.0 7454.0977912689095 -828.508369420591 212.451848734
6500.0 0.0 7456.963210196258 -802.3089690259718 205.642398265
6500.0 0.0 7459.736544681487 -776.0996610896716 199.128034876
6500.0 0.0 7462.417760477284 -749.8807692648223 192.862617252
6500.0 0.0 7465.006824473888 -723.6526173229058 186.80760419
6500.0 0.0 7467.5037046995 -697.4155291497545 180.931939374
6500.0 0.0 7469.908370320685 -671.169828741553 175.211476885
6500.0 0.0 7472.22079164274 -644.9158402008363 169.628146461
6500.0 0.0 7474.440940110068 -618.6538877324878 164.169015121
6500.0 0.0 7476.568788306533 -592.3842956397361 158.82535745
6500.0 0.0 7478.604309955791 -566.1073883201489 153.591806502
6500.0 0.0 7480.547479921624 -539.8234902616291 148.465624171
6500.0 0.0 7482.398274208239 -513.5329260384061 143.446105172
6500.0 0.0 7484.1566699605755 -487.23602030702887 138.534112071
6500.0 0.0 7485.82264546458 -460.93309780235614 133.731728908
6500.0 0.0 7487.396180147478 -434.6244833335459 129.042016256
6500.0 0.0 7488.8772545780275 -408.3105017800456 124.468849468
6500.0 0.0 7490.265850466755 -381.99147808757976 120.016822997
6500.0 0.0 7491.56195066619 -355.6677372641367 115.691205952
6500.0 0.0 7492.765539171067 -329.3396043759562 111.497936724
6500.0 0.0 7493.876601118529 -303.0074045435138 107.443647076
6500.0 0.0 7494.895122788311 -276.67146293750784 103.535708328
6500.0 0.0 7495.821091602907 -250.33210477484235 99.7822939811
6500.0 0.0 7496.654496127726 -223.98965531461204 96.1924544142
6500.0 0.0 7497.395326071232 -197.64443985408548 92.7762000663
6500.0 0.0 7498.043572285079 -171.29678372468734 89.5445899748
6500.0 0.0 7498.599226764209 -144.94701228798232 86.5098226381
6500.0 0.0 7499.062282646966 -118.59545093165617 83.6853260504
6500.0 0.0 7499.432734215171 -92.24242506549824 81.0858434333
6500.0 0.0 7499.710576894197 -65.88826011738261 78.7275107322
6500.0 0.0 7499.895807253027 -39.533281529249706 76.6279213848
6500.0 0.0 7499.988423004287 -13.177814753087834 74.8061732609
6500.0 0.0 7499.988423004287 13.177814753087418 73.282892038
6500.0 0.0 7499.895807253027 39.533281529249706 72.0802246735
6500.0 0.0 7499.710576894197 65.88826011738261 71.2217961006
6500.0 0.0 7499.432734215171 92.24242506549824 70.732621864
6500.0 0.0 7499.062282646966 118.59545093165617 70.6389691937
6500.0 0.0 7498.599226764209 144.94701228798232 70.968159042
6500.0 0.0 7498.043572285079 171.29678372468734 71.7483019814
6500.0 0.0 7497.395326071232 197.64443985408548 73.0079616332
6500.0 0.0 7496.654496127726 223.98965531461224 74.7757405804
6500.0 0.0 7495.8210916029075 250.33210477484215 77.0797855683
6500.0 0.0 7494.895122788311 276.6714629375076 79.9472113012
6500.0 0.0 7493.876601118529 303.00740454351364 83.4034453421
6500.0 0.0 7492.765539171067 329.339604375956 87.4715005329
6500.0 0.0 7491.56195066619 355.6677372641367 92.1711859446
6500.0 0.0 7490.265850466755 381.99147808757976 97.5182725543
6500.0 0.0 7488.8772545780275 408.3105017800456 103.523635449
6500.0 0.0 7487.396180147478 434.6244833335459 110.192400135
6500.0 0.0 7485.82264546458 460.93309780235614 117.523126128
6500.0 0.0 7484.156669960575 487.2360203070291 125.507065946
6500.0 0.0 7482.398274208239 513.5329260384059 134.127541442
6500.0 0.0 7480.547479921624 539.8234902616289 143.359481427
6500.0 0.0 7478.604309955791 566.1073883201486 153.169164197
6500.0 0.0 7476.568788306533 592.3842956397359 163.514205267
6500.0 0.0 7474.440940110068 618.6538877324878 174.343823823
6500.0 0.0 7472.22079164274 644.9158402008363 185.599410874
6500.0 0.0 7469.908370320685 671.169828741553 197.2154077
6500.0 0.0 7467.5037046995 697.4155291497545 209.120485129
6500.0 0.0 7465.006824473888 723.6526173229058 221.23899311
6500.0 0.0 7462.417760477284 749.8807692648224 233.492626704
6500.0 0.0 7459.736544681487 776.0996610896714 245.802230316
6500.0 0.0 7456.963210196258 802.3089690259716 258.089638156
6500.0 0.0 7454.0977912689095 828.5083694205907 270.279427427
6500.0 0.0 7451.140323283887 854.6975387427426 282.300443809
6500.0 0.0 7448.090842762327 880.8761535879825 294.086949345
6500.0 0.0 7444.949387361616 907.0438906822004 305.579244535
6500.0 0.0 7441.71599587491 933.2004268856138 316.723634145
6500.0 0.0 7438.3907082306705 959.3454391967574 327.471645636
6500.0 0.0 7434.973565492162 985.4786047564717 337.778476117
6500.0 0.0 7431.464609856949 1011.5996008518903 347.600742977
6500.0 0.0 7427.863884656373 1037.7081049204248 356.893745115
6500.0 0.0 7424.1714343550175 1063.8037945537492 365.608598968
6500.0 0.0 7420.387304550162 1089.8863475017793 373.689778133
6500.0 0.0 7416.5115419712165 1115.9554416766525 381.073726249
6500.0 0.0 7412.54419447914 1142.0107551567069 387.689287062
6500.0 0.0 7408.4853110658605 1168.0519661904543 393.460654827
6500.0 0.0 7404.334941853657 1194.0787532005556 398.313349335
6500.0 0.0 7400.093138094554 1220.0907947877904 402.183341105
6500.0 0.0 7395.759952169675 1246.087769735026 405.028908387
6500.0 0.0 7391.335437588606 1272.0693570111855 406.844161523
6500.0 0.0 7386.8196489887305 1298.0352357752095 407.67253312
6500.0 0.0 7382.212642134556 1323.9850853800215 407.618049907
6500.0 0.0 7377.514473917022 1349.918585376484 406.852024455
6500.0 0.0 7372.725202352803 1375.8354155173586 405.613048007
6500.0 0.0 7367.844886583587 1401.7352557612583 404.198871215
6500.0 0.0 7362.873586875351 1427.6177862766012 402.949867615
6500.0 0.0 7357.811364617609 1453.4826874455598 402.225119849
6500.0 0.0 7352.658282322659 1479.329639868007 402.373504768
6500.0 0.0 7347.414403624813 1505.1583243654613 403.703205248
6500.0 0.0 7342.079793279604 1530.968421985028 406.453603828
6500.0 0.0 7336.654517162995 1556.7596140033377 410.773374266
6500.0 0.0 7331.138642270558 1582.5315819304822 416.707777524
6500.0 0.0 7325.532236716652 1608.2840075139472 424.196829148
6500.0 0.0 7319.835369733579 1634.0165727425433 433.084389398
6500.0 0.0 7314.048111670728 1659.7289598503312 443.136644462
6500.0 0.0 7308.170533993711 1685.420851320548 454.067187579
6500.0 0.0 7302.202709283476 1711.091929889527 465.565182583
6500.0 0.0 7296.144711235413 1736.7418785506147 477.322986228
6500.0 0.0 7289.996614658442 1762.3703805580872 489.060076804
6500.0 0.0 7283.758495474092 1787.9771194310597 500.541034841
6500.0 0.0 7277.430430715562 1813.5617789573976 511.586435193
6500.0 0.0 7271.012498526767 1839.1240431976169 522.076617795
6500.0 0.0 7264.5047781613775 1864.6635964887905 531.949223835
6500.0 0.0 7257.9073499818405 1890.1801234484417 541.191999704
6500.0 0.0 7251.2202954583845 1915.6733089784432 549.832645394
6500.0 0.0 7244.4436971680125 1941.1428382689055 557.927447795
6444.3915989297675 848.4202494303354 7244.4436971680125 -1941.1428382689055 685.766774797
6444.3915989297675 848.4202494303354 7251.2202954583845 -1915.6733089784434 662.169428554
6444.3915989297675 848.4202494303354 7257.9073499818405 -1890.1801234484417 638.656999109
6444.3915989297675 848.4202494303354 7264.5047781613775 -1864.66359648879 616.309211259
6444.3915989297675 848.4202494303354 7271.012498526767 -1839.124043197617 595.850276117
6444.3915989297675 848.4202494303354 7277.430430715562 -1813.5617789573973 577.635364931
6444.3915989297675 848.4202494303354 7283.758495474092 -1787.97711943106 561.704972052
6444.3915989297675 848.4202494303354 7289.996614658442 -1762.370380558087 547.877271134
6444.3915989297675 848.4202494303354 7296.144711235413 -1736.7418785506147 535.848361688
6444.3915989297675 848.4202494303354 7302.202709283476 -1711.091929889527 525.278086032
6444.3915989297675 848.4202494303354 7308.170533993711 -1685.420851320548 515.850029954
6444.3915989297675 848.4202494303354 7314.048111670728 -1659.7289598503312 507.304194723
6444.3915989297675 848.4202494303354 7319.835369733579 -1634.0165727425433 499.447288019
6444.3915989297675 848.4202494303354 7325.532236716652 -1608.2840075139475 492.148220365
6444.3915989297675 848.4202494303354 7331.138642270558 -1582.5315819304824 485.3261102
6444.3915989297675 848.4202494303354 7336.654517162995 -1556.759614003338 478.936258855
6444.3915989297675 848.4202494303354 7342.079793279604 -1530.968421985028 472.957348897
6444.3915989297675 848.4202494303354 7347.414403624813 -1505.1583243654613 467.381277087
6444.3915989297675 848.4202494303354 7352.658282322659 -1479.329639868007 462.205827413
6444.3915989297675 848.4202494303354 7357.811364617609 -1453.4826874455598 457.429781077
6444.3915989297675 848.4202494303354 7362.873586875351 -1427.6177862766012 453.049871995
6444.3915989297675 848.4202494303354 7367.844886583587 -1401.7352557612583 449.059038007
6444.3915989297675 848.4202494303354 7372.725202352803 -1375.8354155173586 445.445547324
6444.3915989297675 848.4202494303354 7377.514473917022 -1349.918585376484 442.192713924
6444.3915989297675 848.4202494303354 7382.212642134556 -1323.9850853800217 439.279019876
6444.3915989297675 848.4202494303354 7386.8196489887305 -1298.0352357752097 436.678530458
6444.3915989297675 848.4202494303354 7391.335437588606 -1272.0693570111855 434.361525996
6444.3915989297675 848.4202494303354 7395.759952169675 -1246.087769735026 432.295292747
6444.3915989297675 848.4202494303354 7400.093138094554 -1220.0907947877904 430.44502241
6444.3915989297675 848.4202494303354 7404.334941853657 -1194.0787532005556 428.774772359
6444.3915989297675 848.4202494303354 7408.4853110658605 -1168.0519661904543 427.248440052
6444.3915989297675 848.4202494303354 7412.54419447914 -1142.0107551567069 425.830707398
6444.3915989297675 848.4202494303354 7416.5115419712165 -1115.9554416766525 424.487914849
6444.3915989297675 848.4202494303354 7420.387304550162 -1089.8863475017793 423.188830773
6444.3915989297675 848.4202494303354 7424.1714343550175 -1063.8037945537494 421.905288926
6444.3915989297675 848.4202494303354 7427.863884656373 -1037.708104920425 420.6126751
6444.3915989297675 848.4202494303354 7431.464609856949 -1011.59960085189 419.290252646
6444.3915989297675 848.4202494303354 7434.973565492162 -985.4786047564717 417.921325076
6444.3915989297675 848.4202494303354 7438.3907082306705 -959.3454391967574 416.493241683
6444.3915989297675 848.4202494303354 7441.71599587491 -933.2004268856138 414.997258865
6444.3915989297675 848.4202494303354 7444.949387361616 -907.0438906822004 413.428275065
6444.3915989297675 848.4202494303354 7448.090842762327 -880.8761535879825 411.784460985
6444.3915989297675 848.4202494303354 7451.140323283887 -854.6975387427427 410.066808731
6444.3915989297675 848.4202494303354 7454.0977912689095 -828.508369420591 408.278623919
6444.3915989297675 848.4202494303354 7456.963210196258 -802.3089690259718 406.424983604
6444.3915989297675 848.4202494303354 7459.736544681487 -776.0996610896716 404.512180229
6444.3915989297675 848.4202494303354 7462.417760477284 -749.8807692648223 402.547167955
6444.3915989297675 848.4202494303354 7465.006824473888 -723.6526173229058 400.537022805
6444.3915989297675 848.4202494303354 7467.5037046995 -697.4155291497545 398.488422384
6444.3915989297675 848.4202494303354 7469.908370320685 -671.169828741553 396.407144768
6444.3915989297675 848.4202494303354 7472.22079164274 -644.9158402008363 394.297579994
6444.3915989297675 848.4202494303354 7474.440940110068 -618.6538877324878 392.162241914
6444.3915989297675 848.4202494303354 7476.568788306533 -592.3842956397361 390.00126395
6444.3915989297675 848.4202494303354 7478.604309955791 -566.1073883201489 387.811860389
6444.3915989297675 848.4202494303354 7480.547479921624 -539.8234902616291 385.587736865
6444.3915989297675 848.4202494303354 7482.398274208239 -513.5329260384061 383.318440962
6444.3915989297675 848.4202494303354 7484.1566699605755 -487.23602030702887 380.988658136
6444.3915989297675 848.4202494303354 7485.82264546458 -460.93309780235614 378.577480635
6444.3915989297675 848.4202494303354 7487.396180147478 -434.6244833335459 376.057708216
6444.3915989297675 848.4202494303354 7488.8772545780275 -408.3105017800456 373.395278235
6444.3915989297675 848.4202494303354 7490.265850466755 -381.99147808757976 370.548965903
6444.3915989297675 848.4202494303354 7491.56195066619 -355.6677372641367 367.470537278
6444.3915989297675 848.4202494303354 7492.765539171067 -329.3396043759562 364.105568945
6444.3915989297675 848.4202494303354 7493.876601118529 -303.0074045435138 360.395158009
6444.3915989297675 848.4202494303354 7494.895122788311 -276.67146293750784 356.278721229
6444.3915989297675 848.4202494303354 7495.821091602907 -250.33210477484235 351.698011281
6444.3915989297675 848.4202494303354 7496.654496127726 -223.98965531461204 346.602354143
6444.3915989297675 848.4202494303354 7497.395326071232 -197.64443985408548 340.954935063
6444.3915989297675 848.4202494303354 7498.043572285079 -171.29678372468734 334.739743909
6444.3915989297675 848.4202494303354 7498.599226764209 -144.94701228798232 327.968559505
6444.3915989297675 848.4202494303354 7499.062282646966 -118.59545093165617 320.687145093
6444.3915989297675 848.4202494303354 7499.432734215171 -92.24242506549824 312.979690435
6444.3915989297675 848.4202494303354 7499.710576894197 -65.88826011738261 304.970517777
6444.3915989297675 848.4202494303354 7499.895807253027 -39.533281529249706 296.822206728
6444.3915989297675 848.4202494303354 7499.988423004287 -13.177814753087834 288.72960315
6444.3915989297675 848.4202494303354 7499.988423004287 13.177814753087418 280.909644064
6444.3915989297675 848.4202494303354 7499.895807253027 39.533281529249706 273.587503553
6444.3915989297675 848.4202494303354 7499.710576894197 65.88826011738261 266.980160001
6444.3915989297675 848.4202494303354 7499.432734215171 92.24242506549824 261.278998874
6444.3915989297675 848.4202494303354 7499.062282646966 118.59545093165617 256.633392512
6444.3915989297675 848.4202494303354 7498.599226764209 144.94701228798232 253.137256082
6444.3915989297675 848.4202494303354 7498.043572285079 171.29678372468734 250.820327637
6444.3915989297675 848.4202494303354 7497.395326071232 197.64443985408548 249.645377824
6444.3915989297675 848.4202494303354 7496.654496127726 223.98965531461224 249.511797867
6444.3915989297675 848.4202494303354 7495.8210916029075 250.33210477484215 250.265165934
6444.3915989297675 848.4202494303354 7494.895122788311 276.6714629375076 251.711597283
6444.3915989297675 848.4202494303354 7493.876601118529 303.00740454351364 253.635079709
6444.3915989297675 848.4202494303354 7492.765539171067 329.339604375956 255.815682772
6444.3915989297675 848.4202494303354 7491.56195066619 355.6677372641367 258.04654903
6444.3915989297675 848.4202494303354 7490.265850466755 381.99147808757976 260.14790531
6444.3915989297675 848.4202494303354 7488.8772545780275 408.3105017800456 261.976892581
6444.3915989297675 848.4202494303354 7487.396180147478 434.6244833335459 263.432688911
6444.3915989297675 848.4202494303354 7485.82264546458 460.93309780235614 264.457066638
6444.3915989297675 848.4202494303354 7484.156669960575 487.2360203070291 265.031074719
6444.3915989297675 848.4202494303354 7482.398274208239 513.5329260384059 265.168899063
6444.3915989297675 848.4202494303354 7480.547479921624 539.8234902616289 264.910101527
6444.3915989297675 848.4202494303354 7478.604309955791 566.1073883201486 264.31138864
6444.3915989297675 848.4202494303354 7476.568788306533 592.3842956397359 263.438862338
6444.3915989297675 848.4202494303354 7474.440940110068 618.6538877324878 262.361420886
6444.3915989297675 848.4202494303354 7472.22079164274 644.9158402008363 261.145672893
6444.3915989297675 848.4202494303354 7469.908370320685 671.169828741553 259.852452853
6444.3915989297675 848.4202494303354 7467.5037046995 697.4155291497545 258.534816218
6444.3915989297675 848.4202494303354 7465.006824473888 723.6526173229058 257.237258905
6444.3915989297675 848.4202494303354 7462.417760477284 749.8807692648224 255.995847023
6444.3915989297675 848.4202494303354 7459.736544681487 776.0996610896714 254.838942926
6444.3915989297675 848.4202494303354 7456.963210196258 802.3089690259716 253.788254007
6444.3915989297675 848.4202494303354 7454.0977912689095 828.5083694205907 252.859991582
6444.3915989297675 848.4202494303354 7451.140323283887 854.6975387427426 252.065992771
6444.3915989297675 848.4202494303354 7448.090842762327 880.8761535879825 251.414717695
6444.3915989297675 848.4202494303354 7444.949387361616 907.0438906822004 250.912081606
6444.3915989297675 848.4202494303354 7441.71599587491 933.2004268856138 250.562115048
6444.3915989297675 848.4202494303354 7438.3907082306705 959.3454391967574 250.367465867
6444.3915989297675 848.4202494303354 7434.973565492162 985.4786047564717 250.329767326
6444.3915989297675 848.4202494303354 7431.464609856949 1011.5996008518903 250.449899762
6444.3915989297675 848.4202494303354 7427.863884656373 1037.7081049204248 250.728171843
6444.3915989297675 848.4202494303354 7424.1714343550175 1063.8037945537492 251.164443809
6444.3915989297675 848.4202494303354 7420.387304550162 1089.8863475017793 251.758210519
6444.3915989297675 848.4202494303354 7416.5115419712165 1115.9554416766525 252.508657793
6444.3915989297675 848.4202494303354 7412.54419447914 1142.0107551567069 253.414701686
6444.3915989297675 848.4202494303354 7408.4853110658605 1168.0519661904543 254.475017369
6444.3915989297675 848.4202494303354 7404.334941853657 1194.0787532005556 255.688061978
6444.3915989297675 848.4202494303354 7400.093138094554 1220.0907947877904 257.052094205
6444.3915989297675 848.4202494303354 7395.759952169675 1246.087769735026 258.565192274
6444.3915989297675 848.4202494303354 7391.335437588606 1272.0693570111855 260.225271208
6444.3915989297675 848.4202494303354 7386.8196489887305 1298.0352357752095 262.030099845
6444.3915989297675 848.4202494303354 7382.212642134556 1323.9850853800215 263.977317736
6444.3915989297675 848.4202494303354 7377.514473917022 1349.918585376484 266.064451947
6444.3915989297675 848.4202494303354 7372.725202352803 1375.8354155173586 268.288933624
6444.3915989297675 848.4202494303354 7367.844886583587 1401.7352557612583 270.648114232
6444.3915989297675 848.4202494303354 7362.873586875351 1427.6177862766012 273.139281265
6444.3915989297675 848.4202494303354 7357.811364617609 1453.4826874455598 275.759673331
6444.3915989297675 848.4202494303354 7352.658282322659 1479.329639868007 278.506494447
6444.3915989297675 848.4202494303354 7347.414403624813 1505.1583243654613 281.376927467
6444.3915989297675 848.4202494303354 7342.079793279604 1530.968421985028 284.368146545
6444.3915989297675 848.4202494303354 7336.654517162995 1556.7596140033377 287.477328578
6444.3915989297675 848.4202494303354 7331.138642270558 1582.5315819304822 290.701663595
6444.3915989297675 848.4202494303354 7325.532236716652 1608.2840075139472 294.038364084
6444.3915989297675 848.4202494303354 7319.835369733579 1634.0165727425433 297.484673238
6444.3915989297675 848.4202494303354 7314.048111670728 1659.7289598503312 301.037872168
6444.3915989297675 848.4202494303354 7308.170533993711 1685.420851320548 304.69528609
6444.3915989297675 848.4202494303354 7302.202709283476 1711.091929889527 308.454289537
6444.3915989297675 848.4202494303354 7296.144711235413 1736.7418785506147 312.312310648
6444.3915989297675 848.4202494303354 7289.996614658442 1762.3703805580872 316.266834588
6444.3915989297675 848.4202494303354 7283.758495474092 1787.9771194310597 320.315406154
6444.3915989297675 848.4202494303354 7277.430430715562 1813.5617789573976 324.455631635
6444.3915989297675 848.4202494303354 7271.012498526767 1839.1240431976169 328.685179982
6444.3915989297675 848.4202494303354 7264.5047781613775 1864.6635964887905 333.001783359
6444.3915989297675 848.4202494303354 7257.9073499818405 1890.1801234484417 337.403237128
6444.3915989297675 848.4202494303354 7251.2202954583845 1915.6733089784432 341.887399323
6444.3915989297675 848.4202494303354 7244.4436971680125 1941.1428382689055 346.452189684
6278.517870878944 1682.3237931663848 7244.4436971680125 -1941.1428382689055 697.768335358
6278.517870878944 1682.3237931663848 7251.2202954583845 -1915.6733089784434 685.089582991
6278.517870878944 1682.3237931663848 7257.9073499818405 -1890.1801234484417 676.014745445
6278.517870878944 1682.3237931663848 7264.5047781613775 -1864.66359648879 669.877458627
6278.517870878944 1682.3237931663848 7271.012498526767 -1839.124043197617 666.032519431
6278.517870878944 1682.3237931663848 7277.430430715562 -1813.5617789573973 663.981039515
6278.517870878944 1682.3237931663848 7283.758495474092 -1787.97711943106 663.392323768
6278.517870878944 1682.3237931663848 7289.996614658442 -1762.370380558087 664.065558935
6278.517870878944 1682.3237931663848 7296.144711235413 -1736.7418785506147 665.870984418
6278.517870878944 1682.3237931663848 7302.202709283476 -1711.091929889527 668.695755632
6278.517870878944 1682.3237931663848 7308.170533993711 -1685.420851320548 672.405628465
6278.517870878944 1682.3237931663848 7314.048111670728 -1659.7289598503312 676.82458086
6278.517870878944 1682.3237931663848 7319.835369733579 -1634.0165727425433 681.730336309
6278.517870878944 1682.3237931663848 7325.532236716652 -1608.2840075139475 686.862445669
6278.517870878944 1682.3237931663848 7331.138642270558 -1582.5315819304824 691.939342606
6278.517870878944 1682.3237931663848 7336.654517162995 -1556.759614003338 696.680732972
6278.517870878944 1682.3237931663848 7342.079793279604 -1530.968421985028 700.831644477
6278.517870878944 1682.3237931663848 7347.414403624813 -1505.1583243654613 704.184601323
6278.517870878944 1682.3237931663848 7352.658282322659 -1479.329639868007 706.596864446
6278.517870878944 1682.3237931663848 7357.811364617609 -1453.4826874455598 708.000533168
6278.517870878944 1682.3237931663848 7362.873586875351 -1427.6177862766012 708.404439936
6278.517870878944 1682.3237931663848 7367.844886583587 -1401.7352557612583 707.887994815
6278.517870878944 1682.3237931663848 7372.725202352803 -1375.8354155173586 706.588233184
6278.517870878944 1682.3237931663848 7377.514473917022 -1349.918585376484 704.682106839
6278.517870878944 1682.3237931663848 7382.212642134556 -1323.9850853800217 702.366430495
6278.517870878944 1682.3237931663848 7386.8196489887305 -1298.0352357752097 699.837840437
6278.517870878944 1682.3237931663848 7391.335437588606 -1272.0693570111855 697.274712595
6278.517870878944 1682.3237931663848 7395.759952169675 -1246.087769735026 694.822355815
6278.517870878944 1682.3237931663848 7400.093138094554 -1220.0907947877904 692.582101643
6278.517870878944 1682.3237931663848 7404.334941853657 -1194.0787532005556 690.604306637
6278.517870878944 1682.3237931663848 7408.4853110658605 -1168.0519661904543 688.884886446
6278.517870878944 1682.3237931663848 7412.54419447914 -1142.0107551567069 687.364879768
6278.517870878944 1682.3237931663848 7416.5115419712165 -1115.9554416766525 685.932699393
6278.517870878944 1682.3237931663848 7420.387304550162 -1089.8863475017793 684.429103929
6278.517870878944 1682.3237931663848 7424.1714343550175 -1063.8037945537494 682.655390386
6278.517870878944 1682.3237931663848 7427.863884656373 -1037.708104920425 680.385685329
6278.517870878944 1682.3237931663848 7431.464609856949 -1011.59960085189 677.384297394
6278.517870878944 1682.3237931663848 7434.973565492162 -985.4786047564717 673.428704554
6278.517870878944 1682.3237931663848 7438.3907082306705 -959.3454391967574 668.337786437
6278.517870878944 1682.3237931663848 7441.71599587491 -933.2004268856138 662.003424269
6278.517870878944 1682.3237931663848 7444.949387361616 -907.0438906822004 654.421822172
6278.517870878944 1682.3237931663848 7448.090842762327 -880.8761535879825 645.719290652
6278.517870878944 1682.3237931663848 7451.140323283887 -854.6975387427427 636.166336373
6278.517870878944 1682.3237931663848 7454.0977912689095 -828.508369420591 626.174260182
6278.517870878944 1682.3237931663848 7456.963210196258 -802.3089690259718 616.270404534
6278.517870878944 1682.3237931663848 7459.736544681487 -776.0996610896716 607.051646513
6278.517870878944 1682.3237931663848 7462.417760477284 -749.8807692648223 599.120153375
6278.517870878944 1682.3237931663848 7465.006824473888 -723.6526173229058 593.009823547
6278.517870878944 1682.3237931663848 7467.5037046995 -697.4155291497545 589.115040298
6278.517870878944 1682.3237931663848 7469.908370320685 -671.169828741553 587.634319163
6278.517870878944 1682.3237931663848 7472.22079164274 -644.9158402008363 588.539584822
6278.517870878944 1682.3237931663848 7474.440940110068 -618.6538877324878 591.577362544
6278.517870878944 1682.3237931663848 7476.568788306533 -592.3842956397361 596.302068926
6278.517870878944 1682.3237931663848 7478.604309955791 -566.1073883201489 602.135313399
6278.517870878944 1682.3237931663848 7480.547479921624 -539.8234902616291 608.440243701
6278.517870878944 1682.3237931663848 7482.398274208239 -513.5329260384061 614.597668204
6278.517870878944 1682.3237931663848 7484.1566699605755 -487.23602030702887 620.071411323
6278.517870878944 1682.3237931663848 7485.82264546458 -460.93309780235614 624.453709773
6278.517870878944 1682.3237931663848 7487.396180147478 -434.6244833335459 627.486372877
6278.517870878944 1682.3237931663848 7488.8772545780275 -408.3105017800456 629.058548363
6278.517870878944 1682.3237931663848 7490.265850466755 -381.99147808757976 629.186025975
6278.517870878944 1682.3237931663848 7491.56195066619 -355.6677372641367 627.979307149
6278.517870878944 1682.3237931663848 7492.765539171067 -329.3396043759562 625.608002643
6278.517870878944 1682.3237931663848 7493.876601118529 -303.0074045435138 622.267854765
6278.517870878944 1682.3237931663848 7494.895122788311 -276.67146293750784 618.154495005
6278.517870878944 1682.3237931663848 7495.821091602907 -250.33210477484235 613.445674016
6278.517870878944 1682.3237931663848 7496.654496127726 -223.98965531461204 608.291714064
6278.517870878944 1682.3237931663848 7497.395326071232 -197.64443985408548 602.81264368
6278.517870878944 1682.3237931663848 7498.043572285079 -171.29678372468734 597.099924134
6278.517870878944 1682.3237931663848 7498.599226764209 -144.94701228798232 591.220721545
6278.517870878944 1682.3237931663848 7499.062282646966 -118.59545093165617 585.22308515
6278.517870878944 1682.3237931663848 7499.432734215171 -92.24242506549824 579.140934417
6278.517870878944 1682.3237931663848 7499.710576894197 -65.88826011738261 572.998268323
6278.517870878944 1682.3237931663848 7499.895807253027 -39.533281529249706 566.812399556
6278.517870878944 1682.3237931663848 7499.988423004287 -13.177814753087834 560.596261151
6278.517870878944 1682.3237931663848 7499.988423004287 13.177814753087418 554.359952285
6278.517870878944 1682.3237931663848 7499.895807253027 39.533281529249706 548.111721141
6278.517870878944 1682.3237931663848 7499.710576894197 65.88826011738261 541.858563933
6278.517870878944 1682.3237931663848 7499.432734215171 92.24242506549824 535.606579807
6278.517870878944 1682.3237931663848 7499.062282646966 118.59545093165617 529.361179819
6278.517870878944 1682.3237931663848 7498.599226764209 144.94701228798232 523.127213475
6278.517870878944 1682.3237931663848 7498.043572285079 171.29678372468734 516.909050957
6278.517870878944 1682.3237931663848 7497.395326071232 197.64443985408548 510.710642454
6278.517870878944 1682.3237931663848 7496.654496127726 223.98965531461224 504.535565848
6278.517870878944 1682.3237931663848 7495.8210916029075 250.33210477484215 498.387068239
6278.517870878944 1682.3237931663848 7494.895122788311 276.6714629375076 492.268103774
6278.517870878944 1682.3237931663848 7493.876601118529 303.00740454351364 486.181368763
6278.517870878944 1682.3237931663848 7492.765539171067 329.339604375956 480.129334364
6278.517870878944 1682.3237931663848 7491.56195066619 355.6677372641367 474.114276919
6278.517870878944 1682.3237931663848 7490.265850466755 381.99147808757976 468.138305888
6278.517870878944 1682.3237931663848 7488.8772545780275 408.3105017800456 462.203389392
6278.517870878944 1682.3237931663848 7487.396180147478 434.6244833335459 456.311377369
6278.517870878944 1682.3237931663848 7485.82264546458 460.93309780235614 450.464022429
6278.517870878944 1682.3237931663848 7484.156669960575 487.2360203070291 444.662998493
6278.517870878944 1682.3237931663848 7482.398274208239 513.5329260384059 438.909917371
6278.517870878944 1682.3237931663848 7480.547479921624 539.8234902616289 433.20634342
6278.517870878944 1682.3237931663848 7478.604309955791 566.1073883201486 427.553806473
6278.517870878944 1682.3237931663848 7476.568788306533 592.3842956397359 421.953813199
6278.517870878944 1682.3237931663848 7474.440940110068 618.6538877324878 416.407857094
6278.517870878944 1682.3237931663848 7472.22079164274 644.9158402008363 410.917427264
6278.517870878944 1682.3237931663848 7469.908370320685 671.169828741553 405.484016172
6278.517870878944 1682.3237931663848 7467.5037046995 697.4155291497545 400.109126505
6278.517870878944 1682.3237931663848 7465.006824473888 723.6526173229058 394.794277285
6278.517870878944 1682.3237931663848 7462.417760477284 749.8807692648224 389.541009365
6278.517870878944 1682.3237931663848 7459.736544681487 776.0996610896714 384.350890392
6278.517870878944 1682.3237931663848 7456.963210196258 802.3089690259716 379.225519341
6278.517870878944 1682.3237931663848 7454.0977912689095 828.5083694205907 374.166530673
6278.517870878944 1682.3237931663848 7451.140323283887 854.6975387427426 369.175598187
6278.517870878944 1682.3237931663848 7448.090842762327 880.8761535879825 364.254438584
6278.517870878944 1682.3237931663848 7444.949387361616 907.0438906822004 359.404814781
6278.517870878944 1682.3237931663848 7441.71599587491 933.2004268856138 354.628538982
6278.517870878944 1682.3237931663848 7438.3907082306705 959.3454391967574 349.927475504
6278.517870878944 1682.3237931663848 7434.973565492162 985.4786047564717 345.303543347
6278.517870878944 1682.3237931663848 7431.464609856949 1011.5996008518903 340.7587185
6278.517870878944 1682.3237931663848 7427.863884656373 1037.7081049204248 336.295035935
6278.517870878944 1682.3237931663848 7424.1714343550175 1063.8037945537492 331.914591282
6278.517870878944 1682.3237931663848 7420.387304550162 1089.8863475017793 327.619542115
6278.517870878944 1682.3237931663848 7416.5115419712165 1115.9554416766525 323.412108836
6278.517870878944 1682.3237931663848 7412.54419447914 1142.0107551567069 319.294575073
6278.517870878944 1682.3237931663848 7408.4853110658605 1168.0519661904543 315.269287571
6278.517870878944 1682.3237931663848 7404.334941853657 1194.0787532005556 311.338655485
6278.517870878944 1682.3237931663848 7400.093138094554 1220.0907947877904 307.505149049
6278.517870878944 1682.3237931663848 7395.759952169675 1246.087769735026 303.771297523
6278.517870878944 1682.3237931663848 7391.335437588606 1272.0693570111855 300.139686391
6278.517870878944 1682.3237931663848 7386.8196489887305 1298.0352357752095 296.61295372
6278.517870878944 1682.3237931663848 7382.212642134556 1323.9850853800215 293.193785641
6278.517870878944 1682.3237931663848 7377.514473917022 1349.918585376484 289.884910881
6278.517870878944 1682.3237931663848 7372.725202352803 1375.8354155173586 286.689094318
6278.517870878944 1682.3237931663848 7367.844886583587 1401.7352557612583 283.609129498
6278.517870878944 1682.3237931663848 7362.873586875351 1427.6177862766012 280.647830096
6278.517870878944 1682.3237931663848 7357.811364617609 1453.4826874455598 277.80802031
6278.517870878944 1682.3237931663848 7352.658282322659 1479.329639868007 275.092524179
6278.517870878944 1682.3237931663848 7347.414403624813 1505.1583243654613 272.504153849
6278.517870878944 1682.3237931663848 7342.079793279604 1530.968421985028 270.045696831
6278.517870878944 1682.3237931663848 7336.654517162995 1556.7596140033377 267.719902311
6278.517870878944 1682.3237931663848 7331.138642270558 1582.5315819304822 265.529466603
6278.517870878944 1682.3237931663848 7325.532236716652 1608.2840075139472 263.477017865
6278.517870878944 1682.3237931663848 7319.835369733579 1634.0165727425433 261.565100212
6278.517870878944 1682.3237931663848 7314.048111670728 1659.7289598503312 259.796157411
6278.517870878944 1682.3237931663848 7308.170533993711 1685.420851320548 258.172516338
6278.517870878944 1682.3237931663848 7302.202709283476 1711.091929889527 256.696370427
6278.517870878944 1682.3237931663848 7296.144711235413 1736.7418785506147 255.369763338
6278.517870878944 1682.3237931663848 7289.996614658442 1762.3703805580872 254.194573113
6278.517870878944 1682.3237931663848 7283.758495474092 1787.9771194310597 253.172497056
6278.517870878944 1682.3237931663848 7277.430430715562 1813.5617789573976 252.30503763
6278.517870878944 1682.3237931663848 7271.012498526767 1839.1240431976169 251.593489596
6278.517870878944 1682.3237931663848 7264.5047781613775 1864.6635964887905 251.038928673
6278.517870878944 1682.3237931663848 7257.9073499818405 1890.1801234484417 250.642201908
6278.517870878944 1682.3237931663848 7251.2202954583845 1915.6733089784432 250.40391998
6278.517870878944 1682.3237931663848 7244.4436971680125 1941.1428382689055 250.324451577
