diff 450
6278.517870878944 -1682.3237931663848 7244.4436971680125 -1941.1428382689055 250.324451577
6278.517870878944 -1682.3237931663848 7251.2202954583845 -1915.6733089784434 250.40391998
6278.517870878944 -1682.3237931663848 7257.9073499818405 -1890.1801234484417 250.642201908
6278.517870878944 -1682.3237931663848 7264.5047781613775 -1864.66359648879 251.038928673
6278.517870878944 -1682.3237931663848 7271.012498526767 -1839.124043197617 251.593489596
6278.517870878944 -1682.3237931663848 7277.430430715562 -1813.5617789573973 252.305037629
6278.517870878944 -1682.3237931663848 7283.758495474092 -1787.97711943106 253.172497056
6278.517870878944 -1682.3237931663848 7289.996614658442 -1762.370380558087 254.194573112
6278.517870878944 -1682.3237931663848 7296.144711235413 -1736.7418785506147 255.369763338
6278.517870878944 -1682.3237931663848 7302.202709283476 -1711.091929889527 256.696370427
6278.517870878944 -1682.3237931663848 7308.170533993711 -1685.420851320548 258.172516338
6278.517870878944 -1682.3237931663848 7314.048111670728 -1659.7289598503312 259.796157411
6278.517870878944 -1682.3237931663848 7319.835369733579 -1634.0165727425433 261.565100212
6278.517870878944 -1682.3237931663848 7325.532236716652 -1608.2840075139475 263.477017865
6278.517870878944 -1682.3237931663848 7331.138642270558 -1582.5315819304824 265.529466603
6278.517870878944 -1682.3237931663848 7336.654517162995 -1556.759614003338 267.719902311
6278.517870878944 -1682.3237931663848 7342.079793279604 -1530.968421985028 270.045696831
6278.517870878944 -1682.3237931663848 7347.414403624813 -1505.1583243654613 272.504153849
6278.517870878944 -1682.3237931663848 7352.658282322659 -1479.329639868007 275.092524179
6278.517870878944 -1682.3237931663848 7357.811364617609 -1453.4826874455598 277.80802031
6278.517870878944 -1682.3237931663848 7362.873586875351 -1427.6177862766012 280.647830096
6278.517870878944 -1682.3237931663848 7367.844886583587 -1401.7352557612583 283.609129498
6278.517870878944 -1682.3237931663848 7372.725202352803 -1375.8354155173586 286.689094318
6278.517870878944 -1682.3237931663848 7377.514473917022 -1349.918585376484 289.884910881
6278.517870878944 -1682.3237931663848 7382.212642134556 -1323.9850853800217 293.19378564
6278.517870878944 -1682.3237931663848 7386.8196489887305 -1298.0352357752097 296.61295372
6278.517870878944 -1682.3237931663848 7391.335437588606 -1272.0693570111855 300.139686391
6278.517870878944 -1682.3237931663848 7395.759952169675 -1246.087769735026 303.771297523
6278.517870878944 -1682.3237931663848 7400.093138094554 -1220.0907947877904 307.505149049
6278.517870878944 -1682.3237931663848 7404.334941853657 -1194.0787532005556 311.338655487
6278.517870878944 -1682.3237931663848 7408.4853110658605 -1168.0519661904543 315.269287576
6278.517870878944 -1682.3237931663848 7412.54419447914 -1142.0107551567069 319.294575085
6278.517870878944 -1682.3237931663848 7416.5115419712165 -1115.9554416766525 323.412108862
6278.517870878944 -1682.3237931663848 7420.387304550162 -1089.8863475017793 327.619542169
6278.517870878944 -1682.3237931663848 7424.1714343550175 -1063.8037945537494 331.91459139
6278.517870878944 -1682.3237931663848 7427.863884656373 -1037.708104920425 336.295036149
6278.517870878944 -1682.3237931663848 7431.464609856949 -1011.59960085189 340.758718912
6278.517870878944 -1682.3237931663848 7434.973565492162 -985.4786047564717 345.303544125
6278.517870878944 -1682.3237931663848 7438.3907082306705 -959.3454391967574 349.927476941
6278.517870878944 -1682.3237931663848 7441.71599587491 -933.2004268856138 354.628541586
6278.517870878944 -1682.3237931663848 7444.949387361616 -907.0438906822004 359.404819411
6278.517870878944 -1682.3237931663848 7448.090842762327 -880.8761535879825 364.254446666
6278.517870878944 -1682.3237931663848 7451.140323283887 -854.6975387427427 369.175612054
6278.517870878944 -1682.3237931663848 7454.0977912689095 -828.508369420591 374.166554071
6278.517870878944 -1682.3237931663848 7456.963210196258 -802.3089690259718 379.225558191
6278.517870878944 -1682.3237931663848 7459.736544681487 -776.0996610896716 384.350953908
6278.517870878944 -1682.3237931663848 7462.417760477284 -749.8807692648223 389.541111669
6278.517870878944 -1682.3237931663848 7465.006824473888 -723.6526173229058 394.794439714
6278.517870878944 -1682.3237931663848 7467.5037046995 -697.4155291497545 400.109380848
6278.517870878944 -1682.3237931663848 7469.908370320685 -671.169828741553 405.484409161
6278.517870878944 -1682.3237931663848 7472.22079164274 -644.9158402008363 410.918026712
6278.517870878944 -1682.3237931663848 7474.440940110068 -618.6538877324878 416.408760187
6278.517870878944 -1682.3237931663848 7476.568788306533 -592.3842956397361 421.955157546
6278.517870878944 -1682.3237931663848 7478.604309955791 -566.1073883201489 427.555784668
6278.517870878944 -1682.3237931663848 7480.547479921624 -539.8234902616291 433.209222003
6278.517870878944 -1682.3237931663848 7482.398274208239 -513.5329260384061 438.914061241
6278.517870878944 -1682.3237931663848 7484.1566699605755 -487.23602030702887 444.668901991
6278.517870878944 -1682.3237931663848 7485.82264546458 -460.93309780235614 450.472348502
6278.517870878944 -1682.3237931663848 7487.396180147478 -434.6244833335459 456.323006399
6278.517870878944 -1682.3237931663848 7488.8772545780275 -408.3105017800456 462.219479464
6278.517870878944 -1682.3237931663848 7490.265850466755 -381.99147808757976 468.160366453
6278.517870878944 -1682.3237931663848 7491.56195066619 -355.6677372641367 474.144257951
6278.517870878944 -1682.3237931663848 7492.765539171067 -329.3396043759562 480.169733279
6278.517870878944 -1682.3237931663848 7493.876601118529 -303.0074045435138 486.235357444
6278.517870878944 -1682.3237931663848 7494.895122788311 -276.67146293750784 492.339678136
6278.517870878944 -1682.3237931663848 7495.821091602907 -250.33210477484235 498.481222789
6278.517870878944 -1682.3237931663848 7496.654496127726 -223.98965531461204 504.658495684
6278.517870878944 -1682.3237931663848 7497.395326071232 -197.64443985408548 510.869975122
6278.517870878944 -1682.3237931663848 7498.043572285079 -171.29678372468734 517.114110649
6278.517870878944 -1682.3237931663848 7498.599226764209 -144.94701228798232 523.389320352
6278.517870878944 -1682.3237931663848 7499.062282646966 -118.59545093165617 529.693988217
6278.517870878944 -1682.3237931663848 7499.432734215171 -92.24242506549824 536.026461562
6278.517870878944 -1682.3237931663848 7499.710576894197 -65.88826011738261 542.385048539
6278.517870878944 -1682.3237931663848 7499.895807253027 -39.533281529249706 548.768015722
6278.517870878944 -1682.3237931663848 7499.988423004287 -13.177814753087834 555.173585769
6278.517870878944 -1682.3237931663848 7499.988423004287 13.177814753087418 561.599935174
6278.517870878944 -1682.3237931663848 7499.895807253027 39.533281529249706 568.045192114
6278.517870878944 -1682.3237931663848 7499.710576894197 65.88826011738261 574.507434388
6278.517870878944 -1682.3237931663848 7499.432734215171 92.24242506549824 580.984687462
6278.517870878944 -1682.3237931663848 7499.062282646966 118.59545093165617 587.47492261
6278.517870878944 -1682.3237931663848 7498.599226764209 144.94701228798232 593.97605518
6278.517870878944 -1682.3237931663848 7498.043572285079 171.29678372468734 600.485942963
6278.517870878944 -1682.3237931663848 7497.395326071232 197.64443985408548 607.002384675
6278.517870878944 -1682.3237931663848 7496.654496127726 223.98965531461224 613.523118551
6278.517870878944 -1682.3237931663848 7495.8210916029075 250.33210477484215 620.045821032
6278.517870878944 -1682.3237931663848 7494.895122788311 276.6714629375076 626.568105519
6278.517870878944 -1682.3237931663848 7493.876601118529 303.00740454351364 633.087521148
6278.517870878944 -1682.3237931663848 7492.765539171067 329.339604375956 639.601551537
6278.517870878944 -1682.3237931663848 7491.56195066619 355.6677372641367 646.107613434
6278.517870878944 -1682.3237931663848 7490.265850466755 381.99147808757976 652.603055346
6278.517870878944 -1682.3237931663848 7488.8772545780275 408.3105017800456 659.085156627
6278.517870878944 -1682.3237931663848 7487.396180147478 434.6244833335459 665.551128709
6278.517870878944 -1682.3237931663848 7485.82264546458 460.93309780235614 671.998123233
6278.517870878944 -1682.3237931663848 7484.156669960575 487.2360203070291 678.423258825
6278.517870878944 -1682.3237931663848 7482.398274208239 513.5329260384059 684.823693139
6278.517870878944 -1682.3237931663848 7480.547479921624 539.8234902616289 691.196795839
6278.517870878944 -1682.3237931663848 7478.604309955791 566.1073883201486 697.540530546
6278.517870878944 -1682.3237931663848 7476.568788306533 592.3842956397359 703.854239556
6278.517870878944 -1682.3237931663848 7474.440940110068 618.6538877324878 710.140150238
6278.517870878944 -1682.3237931663848 7472.22079164274 644.9158402008363 716.406076395
6278.517870878944 -1682.3237931663848 7469.908370320685 671.169828741553 722.669927234
6278.517870878944 -1682.3237931663848 7467.5037046995 697.4155291497545 728.966660123
6278.517870878944 -1682.3237931663848 7465.006824473888 723.6526173229058 735.358051658
6278.517870878944 -1682.3237931663848 7462.417760477284 749.8807692648224 741.944895867
6278.517870878944 -1682.3237931663848 7459.736544681487 776.0996610896714 748.879780744
6278.517870878944 -1682.3237931663848 7456.963210196258 802.3089690259716 756.376443363
6278.517870878944 -1682.3237931663848 7454.0977912689095 828.5083694205907 764.709249651
6278.517870878944 -1682.3237931663848 7451.140323283887 854.6975387427426 774.1945273
6278.517870878944 -1682.3237931663848 7448.090842762327 880.8761535879825 785.145739592
6278.517870878944 -1682.3237931663848 7444.949387361616 907.0438906822004 797.7983477
6278.517870878944 -1682.3237931663848 7441.71599587491 933.2004268856138 812.208459009
6278.517870878944 -1682.3237931663848 7438.3907082306705 959.3454391967574 828.141072399
6278.517870878944 -1682.3237931663848 7434.973565492162 985.4786047564717 844.975652692
6278.517870878944 -1682.3237931663848 7431.464609856949 1011.5996008518903 861.66371326
6278.517870878944 -1682.3237931663848 7427.863884656373 1037.7081049204248 876.76971898
6278.517870878944 -1682.3237931663848 7424.1714343550175 1063.8037945537492 888.610197816
6278.517870878944 -1682.3237931663848 7420.387304550162 1089.8863475017793 895.478820548
6278.517870878944 -1682.3237931663848 7416.5115419712165 1115.9554416766525 895.915437577
6278.517870878944 -1682.3237931663848 7412.54419447914 1142.0107551567069 888.956101353
6278.517870878944 -1682.3237931663848 7408.4853110658605 1168.0519661904543 874.298989162
6278.517870878944 -1682.3237931663848 7404.334941853657 1194.0787532005556 852.341345354
6278.517870878944 -1682.3237931663848 7400.093138094554 1220.0907947877904 824.07934866
6278.517870878944 -1682.3237931663848 7395.759952169675 1246.087769735026 790.902969502
6278.517870878944 -1682.3237931663848 7391.335437588606 1272.0693570111855 754.346377151
6278.517870878944 -1682.3237931663848 7386.8196489887305 1298.0352357752095 715.861200705
6278.517870878944 -1682.3237931663848 7382.212642134556 1323.9850853800215 676.664156261
6278.517870878944 -1682.3237931663848 7377.514473917022 1349.918585376484 637.680458309
6278.517870878944 -1682.3237931663848 7372.725202352803 1375.8354155173586 599.572795959
6278.517870878944 -1682.3237931663848 7367.844886583587 1401.7352557612583 562.823732292
6278.517870878944 -1682.3237931663848 7362.873586875351 1427.6177862766012 527.832545203
6278.517870878944 -1682.3237931663848 7357.811364617609 1453.4826874455598 494.994327328
6278.517870878944 -1682.3237931663848 7352.658282322659 1479.329639868007 464.743604053
6278.517870878944 -1682.3237931663848 7347.414403624813 1505.1583243654613 437.559871996
6278.517870878944 -1682.3237931663848 7342.079793279604 1530.968421985028 413.943363597
6278.517870878944 -1682.3237931663848 7336.654517162995 1556.7596140033377 394.374226253
6278.517870878944 -1682.3237931663848 7331.138642270558 1582.5315819304822 379.268024416
6278.517870878944 -1682.3237931663848 7325.532236716652 1608.2840075139472 368.937162404
6278.517870878944 -1682.3237931663848 7319.835369733579 1634.0165727425433 363.563597625
6278.517870878944 -1682.3237931663848 7314.048111670728 1659.7289598503312 363.184450392
6278.517870878944 -1682.3237931663848 7308.170533993711 1685.420851320548 367.689373911
6278.517870878944 -1682.3237931663848 7302.202709283476 1711.091929889527 376.826840389
6278.517870878944 -1682.3237931663848 7296.144711235413 1736.7418785506147 390.215676418
6278.517870878944 -1682.3237931663848 7289.996614658442 1762.3703805580872 407.358207216
6278.517870878944 -1682.3237931663848 7283.758495474092 1787.9771194310597 427.652409315
6278.517870878944 -1682.3237931663848 7277.430430715562 1813.5617789573976 450.402750614
6278.517870878944 -1682.3237931663848 7271.012498526767 1839.1240431976169 474.832857653
6278.517870878944 -1682.3237931663848 7264.5047781613775 1864.6635964887905 500.107017986
6278.517870878944 -1682.3237931663848 7257.9073499818405 1890.1801234484417 525.370050569
6278.517870878944 -1682.3237931663848 7251.2202954583845 1915.6733089784432 549.813815926
6278.517870878944 -1682.3237931663848 7244.4436971680125 1941.1428382689055 572.77153162
6500.0 0.0 7244.4436971680125 -1941.1428382689055 508.382094231
6500.0 0.0 7251.2202954583845 -1915.6733089784434 501.100161502
6500.0 0.0 7257.9073499818405 -1890.1801234484417 493.924877127
6500.0 0.0 7264.5047781613775 -1864.66359648879 486.896482956
6500.0 0.0 7271.012498526767 -1839.124043197617 480.064815905
6500.0 0.0 7277.430430715562 -1813.5617789573973 473.489459551
6500.0 0.0 7283.758495474092 -1787.97711943106 467.238821835
6500.0 0.0 7289.996614658442 -1762.370380558087 461.387787298
6500.0 0.0 7296.144711235413 -1736.7418785506147 456.013670262
6500.0 0.0 7302.202709283476 -1711.091929889527 451.190354698
6500.0 0.0 7308.170533993711 -1685.420851320548 446.980746454
6500.0 0.0 7314.048111670728 -1659.7289598503312 443.427965524
6500.0 0.0 7319.835369733579 -1634.0165727425433 440.546031638
6500.0 0.0 7325.532236716652 -1608.2840075139475 438.311089898
6500.0 0.0 7331.138642270558 -1582.5315819304824 436.654419729
6500.0 0.0 7336.654517162995 -1556.759614003338 435.458508283
6500.0 0.0 7342.079793279604 -1530.968421985028 434.557305301
6500.0 0.0 7347.414403624813 -1505.1583243654613 433.741398524
6500.0 0.0 7352.658282322659 -1479.329639868007 432.768286326
6500.0 0.0 7357.811364617609 -1453.4826874455598 431.37724788
6500.0 0.0 7362.873586875351 -1427.6177862766012 429.307624126
6500.0 0.0 7367.844886583587 -1401.7352557612583 426.318742881
6500.0 0.0 7372.725202352803 -1375.8354155173586 422.209358227
6500.0 0.0 7377.514473917022 -1349.918585376484 416.834405266
6500.0 0.0 7382.212642134556 -1323.9850853800217 410.117124074
6500.0 0.0 7386.8196489887305 -1298.0352357752097 402.055150882
6500.0 0.0 7391.335437588606 -1272.0693570111855 392.719926425
6500.0 0.0 7395.759952169675 -1246.087769735026 382.24960981
6500.0 0.0 7400.093138094554 -1220.0907947877904 370.836476582
6500.0 0.0 7404.334941853657 -1194.0787532005556 358.710400038
6500.0 0.0 7408.4853110658605 -1168.0519661904543 346.120378764
6500.0 0.0 7412.54419447914 -1142.0107551567069 333.316143813
6500.0 0.0 7416.5115419712165 -1115.9554416766525 320.531671065
6500.0 0.0 7420.387304550162 -1089.8863475017793 307.97199817
6500.0 0.0 7424.1714343550175 -1063.8037945537494 295.80418972
6500.0 0.0 7427.863884656373 -1037.708104920425 284.1527072
6500.0 0.0 7431.464609856949 -1011.59960085189 273.098910741
6500.0 0.0 7434.973565492162 -985.4786047564717 262.684013374
6500.0 0.0 7438.3907082306705 -959.3454391967574 252.914560398
6500.0 0.0 7441.71599587491 -933.2004268856138 243.769420663
6500.0 0.0 7444.949387361616 -907.0438906822004 235.207331518
6500.0 0.0 7448.090842762327 -880.8761535879825 227.174196808
6500.0 0.0 7451.140323283887 -854.6975387427427 219.609552899
6500.0 0.0 7454.0977912689095 -828.508369420591 212.451848734
6500.0 0.0 7456.963210196258 -802.3089690259718 205.642398265
6500.0 0.0 7459.736544681487 -776.0996610896716 199.128034876
6500.0 0.0 7462.417760477284 -749.8807692648223 192.862617252
6500.0 0.0 7465.006824473888 -723.6526173229058 186.80760419
6500.0 0.0 7467.5037046995 -697.4155291497545 180.931939374
6500.0 0.0 7469.908370320685 -671.169828741553 175.211476885
6500.0 0.0 7472.22079164274 -644.9158402008363 169.628146461
6500.0 0.0 7474.440940110068 -618.6538877324878 164.169015121
6500.0 0.0 7476.568788306533 -592.3842956397361 158.82535745
6500.0 0.0 7478.604309955791 -566.1073883201489 153.591806502
6500.0 0.0 7480.547479921624 -539.8234902616291 148.465624171
6500.0 0.0 7482.398274208239 -513.5329260384061 143.446105172
6500.0 0.0 7484.1566699605755 -487.23602030702887 138.534112071
6500.0 0.0 7485.82264546458 -460.93309780235614 133.731728908
6500.0 0.0 7487.396180147478 -434.6244833335459 129.042016256
6500.0 0.0 7488.8772545780275 -408.3105017800456 124.468849468
6500.0 0.0 7490.265850466755 -381.99147808757976 120.016822997
6500.0 0.0 7491.56195066619 -355.6677372641367 115.691205952
6500.0 0.0 7492.765539171067 -329.3396043759562 111.497936724
6500.0 0.0 7493.876601118529 -303.0074045435138 107.443647076
6500.0 0.0 7494.895122788311 -276.67146293750784 103.535708328
6500.0 0.0 7495.821091602907 -250.33210477484235 99.7822939811
6500.0 0.0 7496.654496127726 -223.98965531461204 96.1924544142
6500.0 0.0 7497.395326071232 -197.64443985408548 92.7762000663
6500.0 0.0 7498.043572285079 -171.29678372468734 89.5445899748
6500.0 0.0 7498.599226764209 -144.94701228798232 86.5098226381
6500.0 0.0 7499.062282646966 -118.59545093165617 83.6853260504
6500.0 0.0 7499.432734215171 -92.24242506549824 81.0858434333
6500.0 0.0 7499.710576894197 -65.88826011738261 78.7275107322
6500.0 0.0 7499.895807253027 -39.533281529249706 76.6279213848
6500.0 0.0 7499.988423004287 -13.177814753087834 74.8061732609
6500.0 0.0 7499.988423004287 13.177814753087418 73.282892038
6500.0 0.0 7499.895807253027 39.533281529249706 72.0802246735
6500.0 0.0 7499.710576894197 65.88826011738261 71.2217961006
6500.0 0.0 7499.432734215171 92.24242506549824 70.732621864
6500.0 0.0 7499.062282646966 118.59545093165617 70.6389691937
6500.0 0.0 7498.599226764209 144.94701228798232 70.968159042
6500.0 0.0 7498.043572285079 171.29678372468734 71.7483019814
6500.0 0.0 7497.395326071232 197.64443985408548 73.0079616332
6500.0 0.0 7496.654496127726 223.98965531461224 74.7757405804
6500.0 0.0 7495.8210916029075 250.33210477484215 77.0797855683
6500.0 0.0 7494.895122788311 276.6714629375076 79.9472113012
6500.0 0.0 7493.876601118529 303.00740454351364 83.4034453421
6500.0 0.0 7492.765539171067 329.339604375956 87.4715005329
6500.0 0.0 7491.56195066619 355.6677372641367 92.1711859446
6500.0 0.0 7490.265850466755 381.99147808757976 97.5182725543
6500.0 0.0 7488.8772545780275 408.3105017800456 103.523635449
6500.0 0.0 7487.396180147478 434.6244833335459 110.192400135
6500.0 0.0 7485.82264546458 460.93309780235614 117.523126128
6500.0 0.0 7484.156669960575 487.2360203070291 125.507065946
6500.0 0.0 7482.398274208239 513.5329260384059 134.127541442
6500.0 0.0 7480.547479921624 539.8234902616289 143.359481427
6500.0 0.0 7478.604309955791 566.1073883201486 153.169164197
6500.0 0.0 7476.568788306533 592.3842956397359 163.514205267
6500.0 0.0 7474.440940110068 618.6538877324878 174.343823823
6500.0 0.0 7472.22079164274 644.9158402008363 185.599410874
6500.0 0.0 7469.908370320685 671.169828741553 197.2154077
6500.0 0.0 7467.5037046995 697.4155291497545 209.120485129
6500.0 0.0 7465.006824473888 723.6526173229058 221.23899311
6500.0 0.0 7462.417760477284 749.8807692648224 233.492626704
6500.0 0.0 7459.736544681487 776.0996610896714 245.802230316
6500.0 0.0 7456.963210196258 802.3089690259716 258.089638156
6500.0 0.0 7454.0977912689095 828.5083694205907 270.279427427
6500.0 0.0 7451.140323283887 854.6975387427426 282.300443809
6500.0 0.0 7448.090842762327 880.8761535879825 294.086949345
6500.0 0.0 7444.949387361616 907.0438906822004 305.579244535
6500.0 0.0 7441.71599587491 933.2004268856138 316.723634145
6500.0 0.0 7438.3907082306705 959.3454391967574 327.471645636
6500.0 0.0 7434.973565492162 985.4786047564717 337.778476117
6500.0 0.0 7431.464609856949 1011.5996008518903 347.600742977
6500.0 0.0 7427.863884656373 1037.7081049204248 356.893745115
6500.0 0.0 7424.1714343550175 1063.8037945537492 365.608598968
6500.0 0.0 7420.387304550162 1089.8863475017793 373.689778133
6500.0 0.0 7416.5115419712165 1115.9554416766525 381.073726249
6500.0 0.0 7412.54419447914 1142.0107551567069 387.689287062
6500.0 0.0 7408.4853110658605 1168.0519661904543 393.460654827
6500.0 0.0 7404.334941853657 1194.0787532005556 398.313349335
6500.0 0.0 7400.093138094554 1220.0907947877904 402.183341105
6500.0 0.0 7395.759952169675 1246.087769735026 405.028908387
6500.0 0.0 7391.335437588606 1272.0693570111855 406.844161523
6500.0 0.0 7386.8196489887305 1298.0352357752095 407.67253312
6500.0 0.0 7382.212642134556 1323.9850853800215 407.618049907
6500.0 0.0 7377.514473917022 1349.918585376484 406.852024455
6500.0 0.0 7372.725202352803 1375.8354155173586 405.613048007
6500.0 0.0 7367.844886583587 1401.7352557612583 404.198871215
6500.0 0.0 7362.873586875351 1427.6177862766012 402.949867615
6500.0 0.0 7357.811364617609 1453.4826874455598 402.225119849
6500.0 0.0 7352.658282322659 1479.329639868007 402.373504768
6500.0 0.0 7347.414403624813 1505.1583243654613 403.703205248
6500.0 0.0 7342.079793279604 1530.968421985028 406.453603828
6500.0 0.0 7336.654517162995 1556.7596140033377 410.773374266
6500.0 0.0 7331.138642270558 1582.5315819304822 416.707777524
6500.0 0.0 7325.532236716652 1608.2840075139472 424.196829148
6500.0 0.0 7319.835369733579 1634.0165727425433 433.084389398
6500.0 0.0 7314.048111670728 1659.7289598503312 443.136644462
6500.0 0.0 7308.170533993711 1685.420851320548 454.067187579
6500.0 0.0 7302.202709283476 1711.091929889527 465.565182583
6500.0 0.0 7296.144711235413 1736.7418785506147 477.322986228
6500.0 0.0 7289.996614658442 1762.3703805580872 489.060076804
6500.0 0.0 7283.758495474092 1787.9771194310597 500.541034841
6500.0 0.0 7277.430430715562 1813.5617789573976 511.586435193
6500.0 0.0 7271.012498526767 1839.1240431976169 522.076617795
6500.0 0.0 7264.5047781613775 1864.6635964887905 531.949223835
6500.0 0.0 7257.9073499818405 1890.1801234484417 541.191999704
6500.0 0.0 7251.2202954583845 1915.6733089784432 549.832645394
6500.0 0.0 7244.4436971680125 1941.1428382689055 557.927447795
6278.517870878944 1682.3237931663848 7244.4436971680125 -1941.1428382689055 697.768335358
6278.517870878944 1682.3237931663848 7251.2202954583845 -1915.6733089784434 685.089582991
6278.517870878944 1682.3237931663848 7257.9073499818405 -1890.1801234484417 676.014745445
6278.517870878944 1682.3237931663848 7264.5047781613775 -1864.66359648879 669.877458627
6278.517870878944 1682.3237931663848 7271.012498526767 -1839.124043197617 666.032519431
6278.517870878944 1682.3237931663848 7277.430430715562 -1813.5617789573973 663.981039515
6278.517870878944 1682.3237931663848 7283.758495474092 -1787.97711943106 663.392323768
6278.517870878944 1682.3237931663848 7289.996614658442 -1762.370380558087 664.065558935
6278.517870878944 1682.3237931663848 7296.144711235413 -1736.7418785506147 665.870984418
6278.517870878944 1682.3237931663848 7302.202709283476 -1711.091929889527 668.695755632
6278.517870878944 1682.3237931663848 7308.170533993711 -1685.420851320548 672.405628465
6278.517870878944 1682.3237931663848 7314.048111670728 -1659.7289598503312 676.82458086
6278.517870878944 1682.3237931663848 7319.835369733579 -1634.0165727425433 681.730336309
6278.517870878944 1682.3237931663848 7325.532236716652 -1608.2840075139475 686.862445669
6278.517870878944 1682.3237931663848 7331.138642270558 -1582.5315819304824 691.939342606
6278.517870878944 1682.3237931663848 7336.654517162995 -1556.759614003338 696.680732972
6278.517870878944 1682.3237931663848 7342.079793279604 -1530.968421985028 700.831644477
6278.517870878944 1682.3237931663848 7347.414403624813 -1505.1583243654613 704.184601323
6278.517870878944 1682.3237931663848 7352.658282322659 -1479.329639868007 706.596864446
6278.517870878944 1682.3237931663848 7357.811364617609 -1453.4826874455598 708.000533168
6278.517870878944 1682.3237931663848 7362.873586875351 -1427.6177862766012 708.404439936
6278.517870878944 1682.3237931663848 7367.844886583587 -1401.7352557612583 707.887994815
6278.517870878944 1682.3237931663848 7372.725202352803 -1375.8354155173586 706.588233184
6278.517870878944 1682.3237931663848 7377.514473917022 -1349.918585376484 704.682106839
6278.517870878944 1682.3237931663848 7382.212642134556 -1323.9850853800217 702.366430495
6278.517870878944 1682.3237931663848 7386.8196489887305 -1298.0352357752097 699.837840437
6278.517870878944 1682.3237931663848 7391.335437588606 -1272.0693570111855 697.274712595
6278.517870878944 1682.3237931663848 7395.759952169675 -1246.087769735026 694.822355815
6278.517870878944 1682.3237931663848 7400.093138094554 -1220.0907947877904 692.582101643
6278.517870878944 1682.3237931663848 7404.334941853657 -1194.0787532005556 690.604306637
6278.517870878944 1682.3237931663848 7408.4853110658605 -1168.0519661904543 688.884886446
6278.517870878944 1682.3237931663848 7412.54419447914 -1142.0107551567069 687.364879768
6278.517870878944 1682.3237931663848 7416.5115419712165 -1115.9554416766525 685.932699393
6278.517870878944 1682.3237931663848 7420.387304550162 -1089.8863475017793 684.429103929
6278.517870878944 1682.3237931663848 7424.1714343550175 -1063.8037945537494 682.655390386
6278.517870878944 1682.3237931663848 7427.863884656373 -1037.708104920425 680.385685329
6278.517870878944 1682.3237931663848 7431.464609856949 -1011.59960085189 677.384297394
6278.517870878944 1682.3237931663848 7434.973565492162 -985.4786047564717 673.428704554
6278.517870878944 1682.3237931663848 7438.3907082306705 -959.3454391967574 668.337786437
6278.517870878944 1682.3237931663848 7441.71599587491 -933.2004268856138 662.003424269
6278.517870878944 1682.3237931663848 7444.949387361616 -907.0438906822004 654.421822172
6278.517870878944 1682.3237931663848 7448.090842762327 -880.8761535879825 645.719290652
6278.517870878944 1682.3237931663848 7451.140323283887 -854.6975387427427 636.166336373
6278.517870878944 1682.3237931663848 7454.0977912689095 -828.508369420591 626.174260182
6278.517870878944 1682.3237931663848 7456.963210196258 -802.3089690259718 616.270404534
6278.517870878944 1682.3237931663848 7459.736544681487 -776.0996610896716 607.051646513
6278.517870878944 1682.3237931663848 7462.417760477284 -749.8807692648223 599.120153375
6278.517870878944 1682.3237931663848 7465.006824473888 -723.6526173229058 593.009823547
6278.517870878944 1682.3237931663848 7467.5037046995 -697.4155291497545 589.115040298
6278.517870878944 1682.3237931663848 7469.908370320685 -671.169828741553 587.634319163
6278.517870878944 1682.3237931663848 7472.22079164274 -644.9158402008363 588.539584822
6278.517870878944 1682.3237931663848 7474.440940110068 -618.6538877324878 591.577362544
6278.517870878944 1682.3237931663848 7476.568788306533 -592.3842956397361 596.302068926
6278.517870878944 1682.3237931663848 7478.604309955791 -566.1073883201489 602.135313399
6278.517870878944 1682.3237931663848 7480.547479921624 -539.8234902616291 608.440243701
6278.517870878944 1682.3237931663848 7482.398274208239 -513.5329260384061 614.597668204
6278.517870878944 1682.3237931663848 7484.1566699605755 -487.23602030702887 620.071411323
6278.517870878944 1682.3237931663848 7485.82264546458 -460.93309780235614 624.453709773
6278.517870878944 1682.3237931663848 7487.396180147478 -434.6244833335459 627.486372877
6278.517870878944 1682.3237931663848 7488.8772545780275 -408.3105017800456 629.058548363
6278.517870878944 1682.3237931663848 7490.265850466755 -381.99147808757976 629.186025975
6278.517870878944 1682.3237931663848 7491.56195066619 -355.6677372641367 627.979307149
6278.517870878944 1682.3237931663848 7492.765539171067 -329.3396043759562 625.608002643
6278.517870878944 1682.3237931663848 7493.876601118529 -303.0074045435138 622.267854765
6278.517870878944 1682.3237931663848 7494.895122788311 -276.67146293750784 618.154495005
6278.517870878944 1682.3237931663848 7495.821091602907 -250.33210477484235 613.445674016
6278.517870878944 1682.3237931663848 7496.654496127726 -223.98965531461204 608.291714064
6278.517870878944 1682.3237931663848 7497.395326071232 -197.64443985408548 602.81264368
6278.517870878944 1682.3237931663848 7498.043572285079 -171.29678372468734 597.099924134
6278.517870878944 1682.3237931663848 7498.599226764209 -144.94701228798232 591.220721545
6278.517870878944 1682.3237931663848 7499.062282646966 -118.59545093165617 585.22308515
6278.517870878944 1682.3237931663848 7499.432734215171 -92.24242506549824 579.140934417
6278.517870878944 1682.3237931663848 7499.710576894197 -65.88826011738261 572.998268323
6278.517870878944 1682.3237931663848 7499.895807253027 -39.533281529249706 566.812399556
6278.517870878944 1682.3237931663848 7499.988423004287 -13.177814753087834 560.596261151
6278.517870878944 1682.3237931663848 7499.988423004287 13.177814753087418 554.359952285
6278.517870878944 1682.3237931663848 7499.895807253027 39.533281529249706 548.111721141
6278.517870878944 1682.3237931663848 7499.710576894197 65.88826011738261 541.858563933
6278.517870878944 1682.3237931663848 7499.432734215171 92.24242506549824 535.606579807
6278.517870878944 1682.3237931663848 7499.062282646966 118.59545093165617 529.361179819
6278.517870878944 1682.3237931663848 7498.599226764209 144.94701228798232 523.127213475
6278.517870878944 1682.3237931663848 7498.043572285079 171.29678372468734 516.909050957
6278.517870878944 1682.3237931663848 7497.395326071232 197.64443985408548 510.710642454
6278.517870878944 1682.3237931663848 7496.654496127726 223.98965531461224 504.535565848
6278.517870878944 1682.3237931663848 7495.8210916029075 250.33210477484215 498.387068239
6278.517870878944 1682.3237931663848 7494.895122788311 276.6714629375076 492.268103774
6278.517870878944 1682.3237931663848 7493.876601118529 303.00740454351364 486.181368763
6278.517870878944 1682.3237931663848 7492.765539171067 329.339604375956 480.129334364
6278.517870878944 1682.3237931663848 7491.56195066619 355.6677372641367 474.114276919
6278.517870878944 1682.3237931663848 7490.265850466755 381.99147808757976 468.138305888
6278.517870878944 1682.3237931663848 7488.8772545780275 408.3105017800456 462.203389392
6278.517870878944 1682.3237931663848 7487.396180147478 434.6244833335459 456.311377369
6278.517870878944 1682.3237931663848 7485.82264546458 460.93309780235614 450.464022429
6278.517870878944 1682.3237931663848 7484.156669960575 487.2360203070291 444.662998493
6278.517870878944 1682.3237931663848 7482.398274208239 513.5329260384059 438.909917371
6278.517870878944 1682.3237931663848 7480.547479921624 539.8234902616289 433.20634342
6278.517870878944 1682.3237931663848 7478.604309955791 566.1073883201486 427.553806473
6278.517870878944 1682.3237931663848 7476.568788306533 592.3842956397359 421.953813199
6278.517870878944 1682.3237931663848 7474.440940110068 618.6538877324878 416.407857094
6278.517870878944 1682.3237931663848 7472.22079164274 644.9158402008363 410.917427264
6278.517870878944 1682.3237931663848 7469.908370320685 671.169828741553 405.484016172
6278.517870878944 1682.3237931663848 7467.5037046995 697.4155291497545 400.109126505
6278.517870878944 1682.3237931663848 7465.006824473888 723.6526173229058 394.794277285
6278.517870878944 1682.3237931663848 7462.417760477284 749.8807692648224 389.541009365
6278.517870878944 1682.3237931663848 7459.736544681487 776.0996610896714 384.350890392
6278.517870878944 1682.3237931663848 7456.963210196258 802.3089690259716 379.225519341
6278.517870878944 1682.3237931663848 7454.0977912689095 828.5083694205907 374.166530673
6278.517870878944 1682.3237931663848 7451.140323283887 854.6975387427426 369.175598187
6278.517870878944 1682.3237931663848 7448.090842762327 880.8761535879825 364.254438584
6278.517870878944 1682.3237931663848 7444.949387361616 907.0438906822004 359.404814781
6278.517870878944 1682.3237931663848 7441.71599587491 933.2004268856138 354.628538982
6278.517870878944 1682.3237931663848 7438.3907082306705 959.3454391967574 349.927475504
6278.517870878944 1682.3237931663848 7434.973565492162 985.4786047564717 345.303543347
6278.517870878944 1682.3237931663848 7431.464609856949 1011.5996008518903 340.7587185
6278.517870878944 1682.3237931663848 7427.863884656373 1037.7081049204248 336.295035935
6278.517870878944 1682.3237931663848 7424.1714343550175 1063.8037945537492 331.914591282
6278.517870878944 1682.3237931663848 7420.387304550162 1089.8863475017793 327.619542115
6278.517870878944 1682.3237931663848 7416.5115419712165 1115.9554416766525 323.412108836
6278.517870878944 1682.3237931663848 7412.54419447914 1142.0107551567069 319.294575073
6278.517870878944 1682.3237931663848 7408.4853110658605 1168.0519661904543 315.269287571
6278.517870878944 1682.3237931663848 7404.334941853657 1194.0787532005556 311.338655485
6278.517870878944 1682.3237931663848 7400.093138094554 1220.0907947877904 307.505149049
6278.517870878944 1682.3237931663848 7395.759952169675 1246.087769735026 303.771297523
6278.517870878944 1682.3237931663848 7391.335437588606 1272.0693570111855 300.139686391
6278.517870878944 1682.3237931663848 7386.8196489887305 1298.0352357752095 296.61295372
6278.517870878944 1682.3237931663848 7382.212642134556 1323.9850853800215 293.193785641
6278.517870878944 1682.3237931663848 7377.514473917022 1349.918585376484 289.884910881
6278.517870878944 1682.3237931663848 7372.725202352803 1375.8354155173586 286.689094318
6278.517870878944 1682.3237931663848 7367.844886583587 1401.7352557612583 283.609129498
6278.517870878944 1682.3237931663848 7362.873586875351 1427.6177862766012 280.647830096
6278.517870878944 1682.3237931663848 7357.811364617609 1453.4826874455598 277.80802031
6278.517870878944 1682.3237931663848 7352.658282322659 1479.329639868007 275.092524179
6278.517870878944 1682.3237931663848 7347.414403624813 1505.1583243654613 272.504153849
6278.517870878944 1682.3237931663848 7342.079793279604 1530.968421985028 270.045696831
6278.517870878944 1682.3237931663848 7336.654517162995 1556.7596140033377 267.719902311
6278.517870878944 1682.3237931663848 7331.138642270558 1582.5315819304822 265.529466603
6278.517870878944 1682.3237931663848 7325.532236716652 1608.2840075139472 263.477017865
6278.517870878944 1682.3237931663848 7319.835369733579 1634.0165727425433 261.565100212
6278.517870878944 1682.3237931663848 7314.048111670728 1659.7289598503312 259.796157411
6278.517870878944 1682.3237931663848 7308.170533993711 1685.420851320548 258.172516338
6278.517870878944 1682.3237931663848 7302.202709283476 1711.091929889527 256.696370427
6278.517870878944 1682.3237931663848 7296.144711235413 1736.7418785506147 255.369763338
6278.517870878944 1682.3237931663848 7289.996614658442 1762.3703805580872 254.194573113
6278.517870878944 1682.3237931663848 7283.758495474092 1787.9771194310597 253.172497056
6278.517870878944 1682.3237931663848 7277.430430715562 1813.5617789573976 252.30503763
6278.517870878944 1682.3237931663848 7271.012498526767 1839.1240431976169 251.593489596
6278.517870878944 1682.3237931663848 7264.5047781613775 1864.6635964887905 251.038928673
6278.517870878944 1682.3237931663848 7257.9073499818405 1890.1801234484417 250.642201908
6278.517870878944 1682.3237931663848 7251.2202954583845 1915.6733089784432 250.40391998
6278.517870878944 1682.3237931663848 7244.4436971680125 1941.1428382689055 250.324451577
